Ruta de archivo: C:\Users\ADVANTECH\Desktop\VALERIA MADERA\Ensayo en marcha 1 04-09-2025 10 17 50 a.m.\DAQ-Carga, … - (Temporizado)1.txt   
Ensayo: MTS STH Resistencia a la Compresión (ajuste de platinas) 691
Ensayo en marcha: Ensayo en marcha 1
Fecha: 04/09/2025 10:11:28 a.m.


Carga 	Actuador 	Tiempo 
kN	mm	seg
23.70622265625	13.0087994039059	260.540008544922
23.7407265625	13.0172008648515	260.640014648438
23.7914609375	13.0257997661829	260.739990234375
23.8544296875	13.0343995988369	260.839996337891
23.915470703125	13.0425998941064	260.940002441406
23.96599609375	13.0509994924068	261.040008544922
23.993060546875	13.0596002563834	261.140014648438
24.067435546875	13.0682000890374	261.239990234375
24.066755859375	13.0765996873379	261.339996337891
24.117650390625	13.0850002169609	261.440002441406
24.164197265625	13.0936000496149	261.540008544922
24.178279296875	13.1020005792379	261.640014648438
24.212939453125	13.1101999431849	261.739990234375
24.24438671875	13.1190000101924	261.839996337891
24.277181640625	13.1274005398154	261.940002441406
24.297884765625	13.1358001381159	262.040008544922
24.32159765625	13.1442006677389	262.140014648438
24.333265625	13.1527995690703	262.239990234375
24.341623046875	13.1611991673708	262.339996337891
24.390787109375	13.1695996969938	262.440002441406
24.39183203125	13.1781995296478	262.540008544922
24.414244140625	13.1868002936244	262.640014648438
24.42723046875	13.1949996575713	262.739990234375
24.447517578125	13.2035994902253	262.839996337891
24.45008984375	13.2120000198483	262.940002441406
24.47941015625	13.2205998525023	263.040008544922
24.480318359375	13.2290003821254	263.140014648438
24.492232421875	13.2376002147794	263.239990234375
24.5169453125	13.2460007444024	263.339996337891
24.525984375	13.2544003427029	263.440002441406
24.518126953125	13.2629992440343	263.540008544922
24.553970703125	13.2712004706264	263.640014648438
24.554208984375	13.2798003032804	263.739990234375
24.556318359375	13.2884001359344	263.839996337891
24.5554765625	13.2966004312038	263.940002441406
24.57409375	13.3051993325353	264.040008544922
24.53864453125	13.3135998621583	264.140014648438
24.562119140625	13.3219994604588	264.239990234375
24.591681640625	13.3304009214044	264.339996337891
24.588134765625	13.3389998227358	264.440002441406
24.581771484375	13.3473994210362	264.540008544922
24.593470703125	13.3557999506593	264.640014648438
24.59424609375	13.3646000176668	264.739990234375
24.615359375	13.3728003129363	264.839996337891
24.591701171875	13.3814001455903	264.940002441406
24.595052734375	13.3897997438908	265.040008544922
24.617587890625	13.3982002735138	265.140014648438
24.592763671875	13.4069994091988	265.239990234375
24.63253125	13.4150004014373	265.339996337891
24.604607421875	13.4238004684448	265.440002441406
24.63936328125	13.4322000667453	265.540008544922
24.605015625	13.4406005963683	265.640014648438
24.6260625	13.4493997320533	265.739990234375
24.618310546875	13.4576000273228	265.839996337891
24.61275	13.4661998599768	265.940002441406
24.631306640625	13.4745994582772	266.040008544922
24.630189453125	13.4829999879003	266.140014648438
24.63696875	13.4913995862007	266.239990234375
24.643361328125	13.4998001158237	266.339996337891
24.623177734375	13.5083999484777	266.440002441406
24.60818359375	13.5169997811317	266.540008544922
24.629576171875	13.5254003107548	266.640014648438
24.63976171875	13.5337999090552	266.739990234375
24.630197265625	13.5422004386783	266.839996337891
24.6508515625	13.5506000369787	266.940002441406
24.6034609375	13.5589996352792	267.040008544922
24.640275390625	13.5676003992558	267.140014648438
24.6213828125	13.5761993005872	267.239990234375
24.62157421875	13.5846007615328	267.339996337891
24.614171875	13.5930003598332	267.440002441406
24.63482421875	13.6013999581337	267.540008544922
24.633712890625	13.6099997907877	267.640014648438
24.61834765625	13.6183993890882	267.739990234375
24.62534765625	13.6270001530647	267.839996337891
24.628400390625	13.6351995170116	267.940002441406
24.63003125	13.6437993496656	268.040008544922
24.64980859375	13.6521998792887	268.140014648438
24.625591796875	13.6607997119427	268.239990234375
24.63015234375	13.6690000072122	268.339996337891
24.642578125	13.6778000742197	268.440002441406
24.64086328125	13.6864008381963	268.540008544922
24.63830859375	13.6946002021432	268.640014648438
24.631048828125	13.7029998004436	268.739990234375
24.632595703125	13.7116005644202	268.839996337891
24.63780078125	13.7197999283671	268.940002441406
24.62329296875	13.7281995266676	269.040008544922
24.625498046875	13.7370005249977	269.140014648438
24.63574609375	13.7455994263291	269.239990234375
24.627818359375	13.7539999559522	269.339996337891
24.6288984375	13.7623995542526	269.440002441406
24.64716796875	13.7708000838757	269.540008544922
24.6350234375	13.7791996821761	269.640014648438
24.634833984375	13.7877995148301	269.739990234375
24.62445703125	13.7962000444531	269.839996337891
24.61730078125	13.8047998771071	269.940002441406
24.634146484375	13.8132004067302	270.040008544922
24.6324609375	13.8216000050306	270.140014648438
24.63087890625	13.8299996033311	270.239990234375
24.63942578125	13.8384001329541	270.339996337891
24.627033203125	13.8472001999617	270.440002441406
24.639177734375	13.8554004952312	270.540008544922
24.626330078125	13.8640003278852	270.640014648438
24.62064453125	13.8723999261856	270.739990234375
24.61173046875	13.8808004558086	270.839996337891
24.627603515625	13.8893993571401	270.940002441406
24.61530859375	13.8980001211166	271.040008544922
24.62646484375	13.9063997194171	271.140014648438
24.603365234375	13.9147993177176	271.239990234375
24.618642578125	13.9231998473406	271.339996337891
24.602921875	13.9317996799946	271.440002441406
24.600140625	13.9402002096176	271.540008544922
24.60906640625	13.9485998079181	271.640014648438
24.599525390625	13.9571996405721	271.739990234375
24.614919921875	13.9658004045486	271.839996337891
24.59748046875	13.9739997684956	271.940002441406
24.594365234375	13.9824002981186	272.040008544922
24.599330078125	13.9910001307726	272.140014648438
24.616447265625	13.999399729073	272.239990234375
24.60228515625	14.0080004930496	272.339996337891
24.59509765625	14.0164000913501	272.440002441406
24.582275390625	14.0248006209731	272.540008544922
24.60369921875	14.0332002192736	272.640014648438
24.599736328125	14.041599817574	272.739990234375
24.582998046875	14.0502005815506	272.839996337891
24.58678515625	14.058799482882	272.940002441406
24.583458984375	14.0672000125051	273.040008544922
24.58187109375	14.0757998451591	273.140014648438
24.578005859375	14.083999209106	273.239990234375
24.5950078125	14.0925999730825	273.339996337891
24.58314453125	14.100999571383	273.440002441406
24.59295703125	14.1096003353596	273.540008544922
24.584345703125	14.11799993366	273.640014648438
24.60651171875	14.1263995319605	273.739990234375
24.579044921875	14.1350002959371	273.839996337891
24.5768046875	14.1433998942375	273.940002441406
24.59001953125	14.1518004238605	274.040008544922
24.576068359375	14.1604002565145	274.140014648438
24.571892578125	14.1685996204615	274.239990234375
24.5754375	14.177399687469	274.339996337891
24.574607421875	14.1855999827385	274.440002441406
24.5769140625	14.1941998153925	274.540008544922
24.575265625	14.202599413693	274.640014648438
24.578890625	14.2110008746386	274.739990234375
24.56445703125	14.21959977597	274.839996337891
24.574810546875	14.2279993742704	274.940002441406
24.576744140625	14.236600138247	275.040008544922
24.569798828125	14.2449997365475	275.140014648438
24.56623828125	14.2534002661705	275.239990234375
24.583337890625	14.2620000988245	275.339996337891
24.579369140625	14.270399697125	275.440002441406
24.5772578125	14.2790004611015	275.540008544922
24.58839453125	14.287400059402	275.640014648438
24.58516796875	14.295800589025	275.739990234375
24.569470703125	14.3042001873255	275.839996337891
24.5842109375	14.3125997856259	275.940002441406
24.545556640625	14.321000315249	276.040008544922
24.5680390625	14.329600147903	276.140014648438
24.572138671875	14.338199980557	276.239990234375
24.586900390625	14.3465995788574	276.339996337891
24.542603515625	14.3551994115114	276.440002441406
24.589857421875	14.3634006381035	276.540008544922
24.572591796875	14.3718002364039	276.640014648438
24.565533203125	14.380800537765	276.739990234375
24.566681640625	14.3889999017119	276.839996337891
24.579556640625	14.3973995000124	276.940002441406
24.579318359375	14.4058000296354	277.040008544922
24.56162890625	14.4143998622894	277.140014648438
24.584359375	14.423000626266	277.239990234375
24.5560546875	14.4309997558594	277.339996337891
24.545876953125	14.4393993541598	277.440002441406
24.562880859375	14.4482003524899	277.540008544922
24.550140625	14.4568001851439	277.640014648438
24.55938671875	14.465200714767	277.739990234375
24.5606015625	14.4736003130674	277.839996337891
24.54853515625	14.4819999113679	277.940002441406
24.53121484375	14.4905997440219	278.040008544922
24.589263671875	14.4991995766759	278.140014648438
24.54250390625	14.5072005689144	278.239990234375
24.517884765625	14.5159997045994	278.339996337891
24.541423828125	14.5243993028998	278.440002441406
24.534859375	14.5327998325229	278.540008544922
24.540515625	14.5411994308233	278.640014648438
24.55035546875	14.5495999604464	278.739990234375
24.531876953125	14.5584000274539	278.839996337891
24.524865234375	14.5668005570769	278.940002441406
24.540294921875	14.5752001553774	279.040008544922
24.53133984375	14.5835997536778	279.140014648438
24.534390625	14.5920002833009	279.239990234375
24.53838671875	14.6003998816013	279.339996337891
24.525822265625	14.6091999486089	279.440002441406
24.53399609375	14.6174002438784	279.540008544922
24.502798828125	14.6261993795633	279.640014648438
24.52907421875	14.6344006061554	279.739990234375
24.547396484375	14.6428002044559	279.839996337891
24.5567265625	14.6514000371099	279.940002441406
24.544291015625	14.6597996354103	280.040008544922
24.55668359375	14.6683994680643	280.140014648438
24.534287109375	14.6766006946564	280.239990234375
24.532052734375	14.6853998303413	280.339996337891
24.52823828125	14.6938003599644	280.440002441406
24.535154296875	14.7019997239113	280.540008544922
24.532275390625	14.7105995565653	280.640014648438
24.52982421875	14.7190000861883	280.739990234375
24.527943359375	14.7275999188423	280.839996337891
24.5410390625	14.7360004484653	280.940002441406
24.515830078125	14.7446002811193	281.040008544922
24.50751171875	14.7529998794198	281.140014648438
24.52991796875	14.7612001746893	281.239990234375
24.5266796875	14.7700002416968	281.339996337891
24.523390625	14.7782005369663	281.440002441406
24.522705078125	14.7869996726513	281.540008544922
24.528017578125	14.7953992709517	281.640014648438
24.5296328125	14.8037998005748	281.739990234375
24.523595703125	14.8121993988752	281.839996337891
24.539982421875	14.8208001628518	281.940002441406
24.52961328125	14.8291997611523	282.040008544922
24.52584765625	14.8375993594527	282.140014648438
24.521080078125	14.8462001234293	282.239990234375
24.5213515625	14.8545997217298	282.339996337891
24.51391796875	14.8630002513528	282.440002441406
24.531896484375	14.8716000840068	282.540008544922
24.524173828125	14.8802008479834	282.640014648438
24.514626953125	14.8884002119303	282.739990234375
24.546876953125	14.8970000445843	282.839996337891
24.515345703125	14.9054005742073	282.940002441406
24.525564453125	14.9138001725078	283.040008544922
24.521923828125	14.9221997708082	283.140014648438
24.5186328125	14.9308005347848	283.239990234375
24.517001953125	14.9392001330853	283.339996337891
24.524974609375	14.9476006627083	283.440002441406
24.51527734375	14.9563997983932	283.540008544922
24.514392578125	14.9645991623402	283.640014648438
24.5072109375	14.9729996919632	283.739990234375
24.505390625	14.9815995246172	283.839996337891
24.51433203125	14.9900000542402	283.940002441406
24.518068359375	14.9983996525407	284.040008544922
24.522283203125	15.0070004165173	284.140014648438
24.5149453125	15.0156002491713	284.239990234375
24.5215	15.0237996131182	284.339996337891
24.5296640625	15.0322001427412	284.440002441406
24.510783203125	15.0405997410417	284.540008544922
24.49736328125	15.0492005050182	284.640014648438
24.505412109375	15.0578003376722	284.739990234375
24.485228515625	15.0663992390037	284.839996337891
24.485455078125	15.0747997686267	284.940002441406
24.508494140625	15.0832002982497	285.040008544922
24.51050390625	15.0916008278728	285.140014648438
24.4997421875	15.0998001918197	285.239990234375
24.4971328125	15.1085993275046	285.339996337891
24.497966796875	15.1172000914812	285.440002441406
24.4928984375	15.1255996897817	285.540008544922
24.50330859375	15.1337999850512	285.640014648438
24.496650390625	15.1423998177052	285.739990234375
24.495408203125	15.1509996503592	285.839996337891
24.4876640625	15.1594001799822	285.940002441406
24.491208984375	15.1677997782826	286.040008544922
24.501560546875	15.1764005422592	286.140014648438
24.4972890625	15.1845999062061	286.239990234375
24.49177734375	15.1931997388601	286.339996337891
24.49337890625	15.2016002684832	286.440002441406
24.4908046875	15.2102001011372	286.540008544922
24.498259765625	15.2186006307602	286.640014648438
24.504138671875	15.2270002290606	286.739990234375
24.48997265625	15.2356000617146	286.839996337891
24.491142578125	15.2440005913377	286.940002441406
24.484919921875	15.2524001896381	287.040008544922
24.48759375	15.2608007192612	287.140014648438
24.47772265625	15.2693996205926	287.239990234375
24.49144921875	15.2777992188931	287.339996337891
24.499048828125	15.2863999828696	287.440002441406
24.4780625	15.2947995811701	287.540008544922
24.46683203125	15.3032001107931	287.640014648438
24.469330078125	15.3115997090936	287.739990234375
24.490560546875	15.3203997761011	287.839996337891
24.4564453125	15.3286000713706	287.940002441406
24.47284765625	15.3374001383781	288.040008544922
24.470572265625	15.3456004336476	288.140014648438
24.479416015625	15.3540000319481	288.239990234375
24.48100390625	15.3623996302485	288.339996337891
24.47062109375	15.3710003942251	288.440002441406
24.461611328125	15.3795992955565	288.540008544922
24.471365234375	15.3878005221486	288.640014648438
24.48561328125	15.3965996578336	288.739990234375
24.44893359375	15.4050001874566	288.839996337891
24.472458984375	15.4133997857571	288.940002441406
24.4952890625	15.4219996184111	289.040008544922
24.447716796875	15.4301999136806	289.140014648438
24.433189453125	15.4387997463346	289.239990234375
24.49114453125	15.4472002759576	289.339996337891
24.47713671875	15.4558001086116	289.440002441406
24.45291015625	15.464199706912	289.540008544922
24.428158203125	15.4728004708886	289.640014648438
24.428802734375	15.4812000691891	289.739990234375
24.469150390625	15.4898008331656	289.839996337891
24.488306640625	15.4980001971126	289.940002441406
24.470267578125	15.506399795413	290.040008544922
24.444396484375	15.5150005593896	290.140014648438
24.455373046875	15.52340015769	290.239990234375
24.431484375	15.5318006873131	290.339996337891
24.446419921875	15.5403995886445	290.440002441406
24.404259765625	15.548599883914	290.540008544922
24.4375078125	15.5573999509215	290.640014648438
24.442556640625	15.565799549222	290.739990234375
24.45476953125	15.5744003131986	290.839996337891
24.439224609375	15.5824003741145	290.940002441406
24.429162109375	15.5911995097995	291.040008544922
24.450486328125	15.599399805069	291.140014648438
24.41935546875	15.6081998720765	291.239990234375
24.4348515625	15.6166004016995	291.339996337891
24.424228515625	15.625	291.440002441406
24.40435546875	15.633400529623	291.540008544922
24.4261171875	15.642000362277	291.640014648438
24.423765625	15.6501997262239	291.739990234375
24.43630078125	15.6590007245541	291.839996337891
24.441732421875	15.6674012541771	291.940002441406
24.419005859375	15.6759992241859	292.040008544922
24.461501953125	15.684200450778	292.140014648438
24.421490234375	15.692600980401	292.239990234375
24.453552734375	15.701400116086	292.339996337891
24.40327734375	15.709400177002	292.440002441406
24.417201171875	15.718000009656	292.540008544922
24.42569921875	15.7267991453409	292.640014648438
24.40551171875	15.735000371933	292.739990234375
24.423521484375	15.743799507618	292.839996337891
24.4078359375	15.75200073421	292.940002441406
24.409611328125	15.7603994011879	293.040008544922
24.423375	15.7687999308109	293.140014648438
24.41102734375	15.777600929141	293.239990234375
24.4194453125	15.785800293088	293.339996337891
24.42725	15.794400125742	293.440002441406
24.417671875	15.802800655365	293.540008544922
24.4004453125	15.8111993223429	293.640014648438
24.411810546875	15.8195998519659	293.739990234375
24.4046796875	15.8281996846199	293.839996337891
24.36071484375	15.8366002142429	293.940002441406
24.424025390625	15.845000743866	294.040008544922
24.414134765625	15.8535987138748	294.140014648438
24.3656015625	15.862001106143	294.239990234375
24.39482421875	15.8703997731209	294.339996337891
24.3925859375	15.879200771451	294.440002441406
24.397658203125	15.8875994384289	294.540008544922
24.38681640625	15.8959999680519	294.640014648438
24.3926953125	15.9044004976749	294.739990234375
24.3967109375	15.9130003303289	294.839996337891
24.412578125	15.921400859952	294.940002441406
24.39031640625	15.9297995269299	295.040008544922
24.398865234375	15.9383993595839	295.140014648438
24.392794921875	15.9467998892069	295.239990234375
24.35853125	15.9552004188299	295.339996337891
24.398509765625	15.9636009484529	295.440002441406
24.400501953125	15.9719996154308	295.540008544922
24.350634765625	15.9807987511158	295.640014648438
24.396615234375	15.9894004464149	295.739990234375
24.37868359375	15.9974005073309	295.839996337891
24.369875	16.0060003399849	295.940002441406
24.37651171875	16.0144008696079	296.040008544922
24.416248046875	16.0230007022619	296.140014648438
24.412294921875	16.0312000662088	296.239990234375
24.366625	16.0397998988628	296.339996337891
24.383185546875	16.0482004284859	296.440002441406
24.376841796875	16.0568002611399	296.540008544922
24.353546875	16.0652007907629	296.640014648438
24.34452734375	16.0737987607718	296.739990234375
24.370603515625	16.0821992903948	296.839996337891
24.36435546875	16.0905998200178	296.940002441406
24.372205078125	16.0993989557028	297.040008544922
24.35464453125	16.1077994853258	297.140014648438
24.373251953125	16.1162000149488	297.239990234375
24.347439453125	16.1245986819267	297.339996337891
24.361048828125	16.1329992115498	297.440002441406
24.350859375	16.1413997411728	297.540008544922
24.35698046875	16.1499995738268	297.640014648438
24.336388671875	16.1584001034498	297.739990234375
24.36823828125	16.1669999361038	297.839996337891
24.3524375	16.1754004657269	297.940002441406
24.316240234375	16.1840002983809	298.040008544922
24.362306640625	16.1924008280039	298.140014648438
24.320224609375	16.2007994949818	298.239990234375
24.3398125	16.2092000246048	298.339996337891
24.35756640625	16.2177998572588	298.440002441406
24.344416015625	16.2262003868818	298.540008544922
24.348201171875	16.2346009165049	298.640014648438
24.380369140625	16.2429995834827	298.739990234375
24.322533203125	16.2515994161367	298.839996337891
24.36859765625	16.2599999457598	298.940002441406
24.310052734375	16.2685997784138	299.040008544922
24.315337890625	16.2768010050058	299.140014648438
24.33894140625	16.2854008376598	299.239990234375
24.331431640625	16.2940006703138	299.339996337891
24.354669921875	16.3024011999369	299.440002441406
24.353841796875	16.3106005638838	299.540008544922
24.34739453125	16.3194015622139	299.640014648438
24.34496484375	16.3276009261608	299.739990234375
24.329755859375	16.3363981992006	299.839996337891
24.344033203125	16.3446012884378	299.940002441406
24.361517578125	16.3529999554157	300.040008544922
24.3018046875	16.3616016507149	300.140014648438
24.358185546875	16.3703989237547	300.239990234375
24.341712890625	16.3787994533777	300.339996337891
24.32578515625	16.3869988173246	300.440002441406
24.317802734375	16.3955986499786	300.540008544922
24.34195703125	16.4039991796017	300.640014648438
24.339818359375	16.4125990122557	300.739990234375
24.3209296875	16.4209995418787	300.839996337891
24.3104296875	16.4294000715017	300.940002441406
24.30603125	16.4377987384796	301.040008544922
24.3014453125	16.4464004337788	301.140014648438
24.288177734375	16.4547991007566	301.239990234375
24.314115234375	16.4636000990868	301.339996337891
24.3402578125	16.4716001600027	301.440002441406
24.311458984375	16.4801999926567	301.540008544922
24.308650390625	16.4886005222797	301.640014648438
24.297056640625	16.4972003549337	301.739990234375
24.281296875	16.5056008845568	301.839996337891
24.28519140625	16.5139995515347	301.940002441406
24.29084765625	16.5224000811577	302.040008544922
24.285791015625	16.5309999138117	302.140014648438
24.301498046875	16.5391992777586	302.239990234375
24.2908515625	16.5480002760887	302.339996337891
24.27934765625	16.5564008057117	302.440002441406
24.287107421875	16.5650006383657	302.540008544922
24.2869921875	16.5732000023127	302.640014648438
24.278689453125	16.5816005319357	302.739990234375
24.281705078125	16.5904015302658	302.839996337891
24.302890625	16.5986008942127	302.940002441406
24.297345703125	16.6074000298977	303.040008544922
24.26617578125	16.6156012564898	303.140014648438
24.28149609375	16.6239999234676	303.239990234375
24.27286328125	16.6326016187668	303.339996337891
24.269306640625	16.6410002857447	303.440002441406
24.304681640625	16.6494008153677	303.540008544922
24.267109375	16.6580006480217	303.640014648438
24.27069921875	16.6665986180305	303.739990234375
24.23628515625	16.6749991476536	303.839996337891
24.28293359375	16.6832003742456	303.940002441406
24.28331640625	16.6917983442545	304.040008544922
24.267328125	16.7000014334917	304.140014648438
24.265279296875	16.7087987065315	304.239990234375
24.292158203125	16.7174004018307	304.339996337891
24.2469921875	16.7257990688086	304.440002441406
24.265767578125	16.7341995984316	304.540008544922
24.234673828125	16.7426001280546	304.640014648438
24.251640625	16.7509987950325	304.739990234375
24.2596328125	16.7596004903316	304.839996337891
24.2645	16.7682003229856	304.940002441406
24.26785546875	16.7763996869326	305.040008544922
24.273775390625	16.7849995195866	305.140014648438
24.24555078125	16.7934000492096	305.239990234375
24.276173828125	16.8018005788326	305.339996337891
24.289828125	16.8104004114866	305.440002441406
24.248755859375	16.8187990784645	305.540008544922
24.264763671875	16.8274007737637	305.640014648438
24.268171875	16.8357994407415	305.739990234375
24.255986328125	16.8441999703646	305.839996337891
24.26130859375	16.8526004999876	305.940002441406
24.24258203125	16.8609991669655	306.040008544922
24.245224609375	16.8698001652956	306.140014648438
24.2402734375	16.8779995292425	306.239990234375
24.26533203125	16.8866012245417	306.339996337891
24.260447265625	16.8949998915195	306.440002441406
24.244697265625	16.9034004211426	306.540008544922
24.25449609375	16.9118009507656	306.640014648438
24.250173828125	16.9204007834196	306.739990234375
24.257244140625	16.9288013130426	306.839996337891
24.25665234375	16.9375985860825	306.940002441406
24.2226953125	16.9458016753197	307.040008544922
24.247828125	16.9542003422976	307.140014648438
24.27295703125	16.9627983123064	307.239990234375
24.265892578125	16.9712007045746	307.339996337891
24.267017578125	16.9797986745834	307.440002441406
24.239833984375	16.9881992042065	307.540008544922
24.23405078125	16.9967990368605	307.640014648438
24.2449765625	17.0049984008074	307.739990234375
24.237306640625	17.0136000961065	307.839996337891
24.224666015625	17.0219987630844	307.940002441406
24.235537109375	17.0303992927074	308.040008544922
24.252751953125	17.0392002910376	308.140014648438
24.243251953125	17.0475989580154	308.239990234375
24.193890625	17.0559994876385	308.339996337891
24.210107421875	17.0644000172615	308.440002441406
24.210546875	17.0728005468845	308.540008544922
24.235302734375	17.0811992138624	308.640014648438
24.215763671875	17.0897990465164	308.739990234375
24.2293359375	17.0986000448465	308.839996337891
24.235041015625	17.1067994087934	308.940002441406
24.2310390625	17.1150006353855	309.040008544922
24.2149609375	17.1237997710705	309.140014648438
24.2441328125	17.1319991350174	309.239990234375
24.237935546875	17.1406008303165	309.339996337891
24.258455078125	17.1492006629705	309.440002441406
24.244232421875	17.1576011925936	309.540008544922
24.232732421875	17.1658005565405	309.640014648438
24.228623046875	17.1744003891945	309.739990234375
24.21889453125	17.1828009188175	309.839996337891
24.2248828125	17.1911995857954	309.940002441406
24.21734375	17.1998012810946	310.040008544922
24.223720703125	17.2084011137486	310.140014648438
24.22471484375	17.2166004776955	310.239990234375
24.22309375	17.2252003103495	310.339996337891
24.230728515625	17.2336008399725	310.440002441406
24.210181640625	17.2420013695955	310.540008544922
24.209140625	17.2506012022495	310.640014648438
24.21380859375	17.2594003379345	310.739990234375
24.21991796875	17.2674003988504	310.839996337891
24.232365234375	17.2759983688593	310.940002441406
24.199509765625	17.2844007611275	311.040008544922
24.219787109375	17.2928012907505	311.140014648438
24.22373828125	17.3016004264355	311.239990234375
24.23734765625	17.3099990934134	311.339996337891
24.235162109375	17.3183996230364	311.440002441406
24.179611328125	17.3268001526594	311.540008544922
24.207291015625	17.3351988196373	311.640014648438
24.241060546875	17.3435993492603	311.739990234375
24.220669921875	17.3521991819143	311.839996337891
24.2124609375	17.3607990145683	311.940002441406
24.18094921875	17.3694007098675	312.040008544922
24.244109375	17.3776000738144	312.140014648438
24.201361328125	17.3861999064684	312.239990234375
24.2180703125	17.3946004360914	312.339996337891
24.199583984375	17.4029991030693	312.440002441406
24.19962109375	17.4116007983685	312.540008544922
24.156078125	17.4199994653463	312.640014648438
24.2331875	17.4286011606455	312.739990234375
24.23964453125	17.4369998276234	312.839996337891
24.212220703125	17.4454003572464	312.940002441406
24.23183984375	17.4538008868694	313.040008544922
24.1962890625	17.4621995538473	313.140014648438
24.19823828125	17.4706000834703	313.239990234375
24.206966796875	17.4790006130934	313.339996337891
24.206720703125	17.4877997487783	313.440002441406
24.20546484375	17.4962002784014	313.540008544922
24.190189453125	17.5046008080244	313.640014648438
24.19376171875	17.5132006406784	313.739990234375
24.2277109375	17.5216011703014	313.839996337891
24.21307421875	17.5299998372793	313.940002441406
24.216177734375	17.5386015325785	314.040008544922
24.173572265625	17.5470001995564	314.140014648438
24.18958984375	17.5554007291794	314.239990234375
24.180478515625	17.5639986991882	314.339996337891
24.219119140625	17.5725985318422	314.440002441406
24.207953125	17.5809990614653	314.540008544922
24.1838671875	17.5893995910883	314.640014648438
24.160009765625	17.5979994237423	314.739990234375
24.217259765625	17.6063999533653	314.839996337891
24.171662109375	17.6145993173122	314.940002441406
24.1853359375	17.6231991499662	315.040008544922
24.1745859375	17.6317989826202	315.140014648438
24.18632421875	17.6401995122433	315.239990234375
24.193400390625	17.6481995731592	315.339996337891
24.1863203125	17.6571998745203	315.440002441406
24.194482421875	17.6653992384672	315.540008544922
24.170140625	17.6737997680902	315.640014648438
24.201869140625	17.6823996007442	315.739990234375
24.188669921875	17.6909994333982	315.839996337891
24.132634765625	17.6993999630213	315.940002441406
24.13309765625	17.7079997956753	316.040008544922
24.171951171875	17.7164003252983	316.140014648438
24.174869140625	17.7248008549213	316.239990234375
24.172853515625	17.7331995218992	316.339996337891
24.179103515625	17.7416000515223	316.440002441406
24.17141796875	17.7500005811453	316.540008544922
24.14302734375	17.7587997168303	316.640014648438
24.16085546875	17.7670009434223	316.739990234375
24.12684375	17.7756007760763	316.839996337891
24.206431640625	17.7840013056993	316.940002441406
24.166326171875	17.7926011383533	317.040008544922
24.16716015625	17.8012009710073	317.140014648438
24.137373046875	17.8094003349543	317.239990234375
24.168546875	17.8180001676083	317.339996337891
24.1716640625	17.8264006972313	317.440002441406
24.128580078125	17.8348012268543	317.540008544922
24.14567578125	17.8431998938322	317.640014648438
24.146208984375	17.8516004234552	317.739990234375
24.1471484375	17.8602002561092	317.839996337891
24.157689453125	17.8688000887632	317.940002441406
24.152912109375	17.8771987557411	318.040008544922
24.1508125	17.8855992853642	318.140014648438
24.12575390625	17.8944002836943	318.239990234375
24.1348046875	17.9025996476412	318.339996337891
24.146005859375	17.9110001772642	318.440002441406
24.13619140625	17.9197993129492	318.540008544922
24.112919921875	17.9276000708342	318.640014648438
24.102228515625	17.9363992065191	318.739990234375
24.1016015625	17.9449990391731	318.839996337891
24.113513671875	17.9532002657652	318.940002441406
24.124466796875	17.9619994014502	319.040008544922
24.115595703125	17.9703999310732	319.140014648438
24.119400390625	17.9789997637272	319.239990234375
24.1124921875	17.9871991276741	319.339996337891
24.119134765625	17.9958008229733	319.440002441406
24.099193359375	18.0041994899511	319.540008544922
24.113763671875	18.0126000195742	319.640014648438
24.11098046875	18.0210005491972	319.739990234375
24.09711328125	18.0296003818512	319.839996337891
24.10029296875	18.0382002145052	319.940002441406
24.098390625	18.0466007441282	320.040008544922
24.1391328125	18.0549994111061	320.140014648438
24.08423046875	18.0632006376982	320.239990234375
24.077869140625	18.0719997733831	320.339996337891
24.087279296875	18.0804003030062	320.440002441406
24.129369140625	18.0890001356602	320.540008544922
24.08940234375	18.0974006652832	320.640014648438
24.07744921875	18.1058011949062	320.739990234375
24.074716796875	18.1141998618841	320.839996337891
24.08631640625	18.1228015571833	320.940002441406
24.08085546875	18.1312002241611	321.040008544922
24.106	18.13979819417	321.140014648438
24.071146484375	18.148198723793	321.239990234375
24.09947265625	18.1566011160612	321.339996337891
24.061591796875	18.1650016456842	321.440002441406
24.061595703125	18.1735996156931	321.540008544922
24.070685546875	18.181998282671	321.640014648438
24.075498046875	18.190398812294	321.739990234375
24.078634765625	18.198998644948	321.839996337891
24.050619140625	18.207399174571	321.940002441406
24.044037109375	18.2157997041941	322.040008544922
24.079353515625	18.2243995368481	322.140014648438
24.057515625	18.2328000664711	322.239990234375
24.040375	18.241198733449	322.339996337891
24.037552734375	18.249599263072	322.440002441406
24.00740625	18.258199095726	322.540008544922
24.019361328125	18.266599625349	322.640014648438
24.03648046875	18.2750001549721	322.739990234375
24.030048828125	18.283799290657	322.839996337891
24.0172421875	18.291799351573	322.940002441406
24.02058203125	18.3006003499031	323.040008544922
24.030197265625	18.3090008795261	323.140014648438
24.02715625	18.317399546504	323.239990234375
24.009666015625	18.325999379158	323.339996337891
24.029041015625	18.3343999087811	323.440002441406
24.007626953125	18.342599272728	323.540008544922
24.003087890625	18.3512009680271	323.640014648438
24.023705078125	18.3598008006811	323.739990234375
24.019583984375	18.3684006333351	323.839996337891
24.00554296875	18.3768011629581	323.940002441406
24.0113515625	18.385199829936	324.040008544922
23.990529296875	18.3936003595591	324.140014648438
23.95055078125	18.4022001922131	324.239990234375
23.99405078125	18.41039955616	324.339996337891
24.017890625	18.4190012514591	324.440002441406
24.005111328125	18.4276010841131	324.540008544922
23.992052734375	18.4360016137362	324.640014648438
23.981388671875	18.4442009776831	324.739990234375
23.978462890625	18.453199416399	324.839996337891
23.977650390625	18.461599946022	324.940002441406
23.982068359375	18.4698011726141	325.040008544922
23.940970703125	18.4782017022371	325.140014648438
23.97491796875	18.486799672246	325.239990234375
23.98791796875	18.4951983392239	325.339996337891
23.97705078125	18.5035988688469	325.440002441406
23.977654296875	18.5121987015009	325.540008544922
24.0056953125	18.5205992311239	325.640014648438
23.950005859375	18.5291990637779	325.739990234375
23.970970703125	18.537599593401	325.839996337891
23.97308203125	18.546000123024	325.940002441406
23.988634765625	18.554599955678	326.040008544922
23.96973046875	18.563000485301	326.140014648438
23.97818359375	18.5713991522789	326.239990234375
23.968962890625	18.580000847578	326.339996337891
23.974177734375	18.5883995145559	326.440002441406
23.972044921875	18.596800044179	326.540008544922
23.95202734375	18.605200573802	326.640014648438
23.941408203125	18.6142008751631	326.739990234375
23.942740234375	18.62240023911	326.839996337891
23.945478515625	18.630800768733	326.940002441406
23.95145703125	18.6391994357109	327.040008544922
23.94868359375	18.6475999653339	327.140014648438
23.91341796875	18.6561997979879	327.239990234375
23.957287109375	18.664600327611	327.339996337891
23.933369140625	18.673000857234	327.440002441406
23.945916015625	18.6813995242119	327.540008544922
23.936193359375	18.690200522542	327.640014648438
23.932541015625	18.698601052165	327.739990234375
23.950939453125	18.7070015817881	327.839996337891
23.92445703125	18.7154002487659	327.940002441406
23.926880859375	18.723800778389	328.040008544922
23.943060546875	18.732400611043	328.140014648438
23.91219140625	18.7404006719589	328.239990234375
23.89137109375	18.749201670289	328.339996337891
23.913373046875	18.7577996402979	328.440002441406
23.914154296875	18.7661983072758	328.540008544922
23.924119140625	18.7745988368988	328.640014648438
23.91096875	18.783001229167	328.739990234375
23.933623046875	18.7915991991758	328.839996337891
23.916953125	18.7999997287989	328.940002441406
23.93508203125	18.8085995614529	329.040008544922
23.92626953125	18.8170000910759	329.140014648438
23.9278203125	18.8253987580538	329.239990234375
23.921232421875	18.8337992876768	329.339996337891
23.916435546875	18.8423991203308	329.440002441406
23.9156953125	18.8507996499538	329.540008544922
23.909498046875	18.8593994826078	329.640014648438
23.906345703125	18.8678000122309	329.739990234375
23.865666015625	18.8762005418539	329.839996337891
23.896037109375	18.8848003745079	329.940002441406
23.894537109375	18.8931990414858	330.040008544922
23.845259765625	18.9015995711088	330.140014648438
23.8997265625	18.9100001007318	330.239990234375
23.89908984375	18.918801099062	330.339996337891
23.879591796875	18.9270004630089	330.440002441406
23.8534375	18.9353991299868	330.540008544922
23.867501953125	18.9440008252859	330.640014648438
23.879220703125	18.9526006579399	330.739990234375
23.882732421875	18.9608000218868	330.839996337891
23.84842578125	18.9696010202169	330.940002441406
23.870234375	18.97800154984	331.040008544922
23.87870703125	18.9864002168179	331.140014648438
23.862423828125	18.9945995807648	331.239990234375
23.87846484375	19.0034005790949	331.339996337891
23.828908203125	19.0118011087179	331.440002441406
23.855658203125	19.020201638341	331.540008544922
23.848740234375	19.0286003053188	331.640014648438
23.859482421875	19.0372001379728	331.739990234375
23.856005859375	19.0456006675959	331.839996337891
23.84164453125	19.0540011972189	331.940002441406
23.859298828125	19.0624017268419	332.040008544922
23.835994140625	19.0709996968508	332.140014648438
23.84134375	19.0795995295048	332.239990234375
23.86055078125	19.0880000591278	332.339996337891
23.820533203125	19.0963987261057	332.440002441406
23.819189453125	19.1047992557287	332.540008544922
23.854123046875	19.1133990883827	332.640014648438
23.841140625	19.1217996180058	332.739990234375
23.8404921875	19.1303994506598	332.839996337891
23.824763671875	19.1387999802828	332.940002441406
23.8178359375	19.1472005099058	333.040008544922
23.809208984375	19.1558003425598	333.140014648438
23.8205234375	19.1639997065067	333.239990234375
23.80815625	19.1724002361298	333.339996337891
23.82016015625	19.1810000687838	333.440002441406
23.812740234375	19.1895999014378	333.540008544922
23.82136328125	19.1980004310608	333.640014648438
23.79935546875	19.2063990980387	333.739990234375
23.791994140625	19.2147996276617	333.839996337891
23.794607421875	19.2233994603157	333.940002441406
23.812416015625	19.2320011556149	334.040008544922
23.800994140625	19.2402005195618	334.140014648438
23.8024921875	19.2488003522158	334.239990234375
23.77455859375	19.2572008818388	334.339996337891
23.80171875	19.2655995488167	334.440002441406
23.786482421875	19.2742012441158	334.540008544922
23.785666015625	19.2824006080627	334.640014648438
23.7963984375	19.2911997437477	334.739990234375
23.765095703125	19.2996002733707	334.839996337891
23.7768046875	19.3082001060247	334.940002441406
23.799279296875	19.3166006356478	335.040008544922
23.81323828125	19.3247999995947	335.140014648438
23.756376953125	19.3332005292177	335.239990234375
23.7464140625	19.3418003618717	335.339996337891
23.792427734375	19.3504001945257	335.440002441406
23.7955390625	19.3590000271797	335.540008544922
23.729841796875	19.3673986941576	335.640014648438
23.76752734375	19.3757992237806	335.739990234375
23.786623046875	19.3843990564346	335.839996337891
23.76862109375	19.3925984203815	335.940002441406
23.7832421875	19.4012001156807	336.040008544922
23.79041796875	19.4097999483347	336.140014648438
23.78776953125	19.4181986153126	336.239990234375
23.7823984375	19.4265991449356	336.339996337891
23.751748046875	19.4349996745586	336.440002441406
23.745970703125	19.4435995072126	336.540008544922
23.75948828125	19.4520000368357	336.640014648438
23.76644140625	19.4603987038136	336.739990234375
23.74859375	19.4690003991127	336.839996337891
23.734677734375	19.4773990660906	336.940002441406
23.75948828125	19.4857995957136	337.040008544922
23.714083984375	19.4943994283676	337.140014648438
23.7256328125	19.5025987923145	337.239990234375
23.773990234375	19.5112004876137	337.339996337891
23.7213671875	19.5198003202677	337.440002441406
23.717654296875	19.5282008498907	337.540008544922
23.74113671875	19.5365995168686	337.640014648438
23.75621875	19.5452012121677	337.739990234375
23.750806640625	19.5538010448217	337.839996337891
23.705568359375	19.5620004087687	337.940002441406
23.70912890625	19.5706002414227	338.040008544922
23.72711328125	19.5790007710457	338.140014648438
23.699833984375	19.5874013006687	338.239990234375
23.719388671875	19.5960011333227	338.339996337891
23.732001953125	19.6046009659767	338.440002441406
23.693591796875	19.6128003299236	338.540008544922
23.709833984375	19.6214001625776	338.640014648438
23.7193046875	19.6298006922007	338.739990234375
23.70818359375	19.6382012218237	338.839996337891
23.6930234375	19.6467991918325	338.940002441406
23.704376953125	19.6551997214556	339.040008544922
23.688484375	19.6637995541096	339.140014648438
23.698697265625	19.6722000837326	339.239990234375
23.711587890625	19.6805987507105	339.339996337891
23.69580078125	19.6889992803335	339.440002441406
23.663349609375	19.6975991129875	339.540008544922
23.6916015625	19.7059996426105	339.640014648438
23.671927734375	19.7144001722336	339.739990234375
23.6973203125	19.7231993079185	339.839996337891
23.691291015625	19.7313986718655	339.940002441406
23.674041015625	19.7400003671646	340.040008544922
23.678080078125	19.7481997311115	340.140014648438
23.684509765625	19.7567995637655	340.239990234375
23.672427734375	19.7653993964195	340.339996337891
23.66431640625	19.7735987603664	340.440002441406
23.661162109375	19.7822004556656	340.540008544922
23.621921875	19.7905991226435	340.640014648438
23.629583984375	19.7992008179426	340.739990234375
23.6557109375	19.8075994849205	340.839996337891
23.652474609375	19.8160000145435	340.940002441406
23.5930078125	19.8244005441666	341.040008544922
23.642587890625	19.8330003768206	341.140014648438
23.632814453125	19.8414009064436	341.239990234375
23.641408203125	19.8502000421286	341.339996337891
23.618595703125	19.8582001030445	341.440002441406
23.624462890625	19.8667999356985	341.540008544922
23.6209296875	19.8752004653215	341.640014648438
23.60648828125	19.8838002979755	341.739990234375
23.60055859375	19.8922008275986	341.839996337891
23.623140625	19.9008006602526	341.940002441406
23.625677734375	19.9094004929066	342.040008544922
23.624669921875	19.9174005538225	342.140014648438
23.620287109375	19.9260003864765	342.239990234375
23.612873046875	19.9346002191305	342.339996337891
23.615599609375	19.9428014457226	342.440002441406
23.610421875	19.9514012783766	342.540008544922
23.60111328125	19.9599992483854	342.640014648438
23.60953125	19.9683997780085	342.739990234375
23.588416015625	19.9769996106625	342.839996337891
23.5851953125	19.9854001402855	342.940002441406
23.577607421875	19.9937988072634	343.040008544922
23.6009765625	20.0023986399174	343.140014648438
23.592689453125	20.0107991695404	343.239990234375
23.552494140625	20.0191996991634	343.339996337891
23.57494921875	20.0277995318174	343.440002441406
23.597625	20.0362000614405	343.540008544922
23.577423828125	20.0445987284184	343.640014648438
23.55362109375	20.0532004237175	343.739990234375
23.573599609375	20.0618002563715	343.839996337891
23.543357421875	20.0699996203184	343.940002441406
23.566443359375	20.0785994529724	344.040008544922
23.573416015625	20.0869999825954	344.140014648438
23.54439453125	20.0954005122185	344.239990234375
23.5341875	20.1041996479034	344.339996337891
23.534390625	20.1124008744955	344.440002441406
23.559126953125	20.1210007071495	344.540008544922
23.518154296875	20.1293993741274	344.640014648438
23.531310546875	20.1377999037504	344.739990234375
23.53262109375	20.1459992676973	344.839996337891
23.53287109375	20.1548002660275	344.940002441406
23.54096875	20.1634000986814	345.040008544922
23.5336875	20.1715994626284	345.140014648438
23.521837890625	20.1802011579275	345.239990234375
23.5268515625	20.1885998249054	345.339996337891
23.543607421875	20.1970003545284	345.440002441406
23.503685546875	20.2054008841515	345.540008544922
23.51473828125	20.2140007168055	345.640014648438
23.529154296875	20.2226005494595	345.739990234375
23.52896484375	20.2310010790825	345.839996337891
23.501576171875	20.2394016087055	345.940002441406
23.502955078125	20.2478002756834	346.040008544922
23.49880859375	20.2565994113684	346.140014648438
23.499587890625	20.2647987753153	346.239990234375
23.4970390625	20.2733986079693	346.339996337891
23.521955078125	20.2816016972065	346.440002441406
23.50497265625	20.2901996672153	346.540008544922
23.52187890625	20.2985983341932	346.640014648438
23.474671875	20.3069988638163	346.739990234375
23.477849609375	20.3155986964703	346.839996337891
23.492140625	20.3239992260933	346.940002441406
23.482216796875	20.3323997557163	347.040008544922
23.503802734375	20.3412007540464	347.140014648438
23.50346875	20.3495994210243	347.239990234375
23.44579296875	20.3579999506474	347.339996337891
23.45514453125	20.3664004802704	347.440002441406
23.45455078125	20.3750003129244	347.540008544922
23.48515625	20.3829985111952	347.640014648438
23.46738671875	20.3917995095253	347.739990234375
23.5062265625	20.4002000391483	347.839996337891
23.448220703125	20.4087998718023	347.940002441406
23.46153125	20.4172004014254	348.040008544922
23.463505859375	20.4258002340794	348.140014648438
23.469306640625	20.4342007637024	348.239990234375
23.50780078125	20.4425994306803	348.339996337891
23.443458984375	20.4512011259794	348.440002441406
23.451736328125	20.4595997929573	348.540008544922
23.45080078125	20.4680003225803	348.640014648438
23.4058828125	20.4766001552343	348.739990234375
23.415181640625	20.4847995191813	348.839996337891
23.44631640625	20.4934012144804	348.940002441406
23.447708984375	20.5017998814583	349.040008544922
23.426671875	20.5104015767574	349.140014648438
23.434845703125	20.5188002437353	349.239990234375
23.4149140625	20.5272007733583	349.339996337891
23.402265625	20.5356013029814	349.440002441406
23.441642578125	20.5443985760212	349.540008544922
23.4185390625	20.5526016652584	349.640014648438
23.395365234375	20.5611996352673	349.739990234375
23.37897265625	20.5697994679213	349.839996337891
23.39099609375	20.5779988318682	349.940002441406
23.4341640625	20.5863993614912	350.040008544922
23.35603125	20.5949991941452	350.140014648438
23.413822265625	20.6035990267992	350.239990234375
23.377482421875	20.6121988594532	350.339996337891
23.40087109375	20.6204000860453	350.440002441406
23.3819453125	20.6289999186993	350.540008544922
23.383072265625	20.6374004483223	350.640014648438
23.397041015625	20.6457991153002	350.739990234375
23.38612890625	20.6541996449232	350.839996337891
23.3619453125	20.6627994775772	350.940002441406
23.367822265625	20.6707995384932	351.040008544922
23.37042578125	20.6797998398542	351.140014648438
23.378626953125	20.6882003694773	351.239990234375
23.359638671875	20.6965990364552	351.339996337891
23.367486328125	20.7052007317543	351.440002441406
23.356916015625	20.7135993987322	351.540008544922
23.367078125	20.7219999283552	351.640014648438
23.35288671875	20.7304004579782	351.739990234375
23.338125	20.7387991249561	351.839996337891
23.330876953125	20.7470003515482	351.940002441406
23.361927734375	20.7557994872332	352.040008544922
23.307498046875	20.7644011825323	352.140014648438
23.361513671875	20.7730010151863	352.239990234375
23.33862890625	20.7809992134571	352.339996337891
23.327666015625	20.7898002117872	352.440002441406
23.333716796875	20.7982007414103	352.540008544922
23.289830078125	20.8066012710333	352.640014648438
23.328490234375	20.8152011036873	352.739990234375
23.297708984375	20.8234004676342	352.839996337891
23.300451171875	20.8320003002882	352.940002441406
23.309943359375	20.8405982702971	353.040008544922
23.320330078125	20.8490006625652	353.140014648438
23.3334765625	20.8575986325741	353.239990234375
23.31151953125	20.8658017218113	353.339996337891
23.275822265625	20.8742003887892	353.440002441406
23.308166015625	20.882798358798	353.540008544922
23.319736328125	20.8911988884211	353.640014648438
23.2911328125	20.8995994180441	353.739990234375
23.306794921875	20.9081992506981	353.839996337891
23.320888671875	20.9165997803211	353.940002441406
23.287455078125	20.9251996129751	354.040008544922
23.25182421875	20.9337994456291	354.140014648438
23.2602578125	20.9421999752522	354.239990234375
23.283591796875	20.9503993391991	354.339996337891
23.28816796875	20.9592003375292	354.440002441406
23.273841796875	20.9675990045071	354.540008544922
23.267125	20.9758002310991	354.640014648438
23.25891015625	20.9844000637531	354.739990234375
23.264509765625	20.9932010620832	354.839996337891
23.26209765625	21.0015997290611	354.940002441406
23.27480078125	21.0100002586842	355.040008544922
23.265861328125	21.0184007883072	355.140014648438
23.266111328125	21.0267994552851	355.239990234375
23.25155078125	21.0354011505842	355.339996337891
23.231443359375	21.0436005145311	355.440002441406
23.244943359375	21.051999181509	355.540008544922
23.252083984375	21.0608001798391	355.640014648438
23.238751953125	21.0692007094622	355.739990234375
23.24025390625	21.0779998451471	355.839996337891
23.224216796875	21.0859999060631	355.940002441406
23.221998046875	21.0946016013622	356.040008544922
23.23668359375	21.1030002683401	356.140014648438
23.2045390625	21.1114007979631	356.239990234375
23.247640625	21.1198013275862	356.339996337891
23.23702734375	21.1284011602402	356.440002441406
23.257658203125	21.1368016898632	356.540008544922
23.19032421875	21.1453996598721	356.640014648438
23.202853515625	21.1536008864641	356.739990234375
23.234220703125	21.1625993251801	356.839996337891
23.20931640625	21.1706012487411	356.940002441406
23.22284375	21.1790017783642	357.040008544922
23.20126171875	21.187799051404	357.140014648438
23.210318359375	21.1959984153509	357.239990234375
23.2141484375	21.2043989449739	357.339996337891
23.199203125	21.2129987776279	357.440002441406
23.191625	21.221399307251	357.540008544922
23.18666796875	21.229999139905	357.640014648438
23.188580078125	21.238399669528	357.739990234375
23.177712890625	21.246800199151	357.839996337891
23.1965078125	21.255400031805	357.940002441406
23.18209765625	21.263999864459	358.040008544922
23.151326171875	21.2724003940821	358.140014648438
23.18854296875	21.2810002267361	358.239990234375
23.141546875	21.2894007563591	358.339996337891
23.181357421875	21.297799423337	358.440002441406
23.151447265625	21.306000649929	358.540008544922
23.188439453125	21.314600482583	358.640014648438
23.17790625	21.3229991495609	358.739990234375
23.16065234375	21.331800147891	358.839996337891
23.109521484375	21.339999511838	358.940002441406
23.13206640625	21.3486012071371	359.040008544922
23.1689609375	21.356999874115	359.140014648438
