Ruta de archivo: C:\Users\ADVANTECH\Desktop\VALERIA MADERA\Ensayo en marcha 1 04-09-2025 09 11 49 a.m.\DAQ-Carga, … - (Temporizado).txt   
Ensayo: MTS STH Resistencia a la Compresión (ajuste de platinas) 682
Ensayo en marcha: Ensayo en marcha 1
Fecha: 04/09/2025 09:07:55 a.m.


Carga 	Actuador 	Tiempo 
kN	mm	seg
0.312318328857422	0.0261999994108919	0.569999992847443
0.424223236083984	0.0398000011045951	0.670000016689301
0.495523529052734	0.0531999976374209	0.769999980926514
0.539359802246094	0.0666000050841831	0.870000004768372
0.592163818359375	0.07999999797903	0.970000028610229
0.631743774414062	0.0928000008570962	1.07000005245209
0.66704345703125	0.106799998320639	1.16999995708466
0.7221357421875	0.119999996968545	1.26999998092651
0.77807080078125	0.13339999713935	1.37000000476837
0.828966674804688	0.146799997310154	1.47000002861023
0.867173645019531	0.15999999595806	1.57000005245209
0.93665087890625	0.173199994605966	1.66999995708466
0.982333312988281	0.186399993253872	1.76999998092651
1.02870861816406	0.20000000949949	1.87000000476837
1.11444763183594	0.213200008147396	1.97000002861023
1.16544982910156	0.226400006795302	2.0699999332428
1.23425427246094	0.23999999393709	2.17000007629395
1.29644763183594	0.25340000865981	2.26999998092651
1.39857995605469	0.266600021859631	2.36999988555908
1.45111999511719	0.279800005955622	2.47000002861023
1.53316418457031	0.29339999309741	2.5699999332428
1.63325634765625	0.306600006297231	2.67000007629395
1.67482189941406	0.31999999191612	2.76999998092651
1.67002880859375	0.333200005115941	2.86999988555908
1.70437585449219	0.34659999073483	2.97000002861023
1.78219677734375	0.359800003934652	3.0699999332428
1.87401904296875	0.372999988030642	3.17000007629395
1.83820874023437	0.38659997517243	3.26999998092651
1.91009826660156	0.400000018998981	3.36999988555908
1.952142578125	0.41340000461787	3.47000002861023
2.01600671386719	0.426600017817691	3.5699999332428
2.06190087890625	0.44000000343658	3.67000007629395
2.128650390625	0.45339998905547	3.76999998092651
2.19845336914062	0.466600002255291	3.86999988555908
2.26928833007813	0.47999998787418	3.97000002861023
2.31763330078125	0.493200030177832	4.07000017166138
2.39421899414062	0.506400014273822	4.17000007629395
2.4615283203125	0.52000000141561	4.26999998092651
2.55644360351563	0.533200043719262	4.36999988555908
2.6412822265625	0.54680003086105	4.46999979019165
2.7112333984375	0.560000014957041	4.57000017166138
2.814490234375	0.573199999053031	4.67000007629395
2.86792114257813	0.586799986194819	4.76999998092651
2.90362377929688	0.600000028498471	4.86999988555908
2.9297353515625	0.613399955909699	4.96999979019165
2.95826538085938	0.626599998213351	5.07000017166138
3.0045009765625	0.63999998383224	5.17000007629395
3.02581274414062	0.65340002765879	5.26999998092651
3.06883227539062	0.666600011754781	5.36999988555908
3.19007446289063	0.67999999737367	5.46999979019165
3.4042421875	0.693199981469661	5.57000017166138
3.53718603515625	0.706600025296211	5.67000007629395
3.67619067382812	0.720000010915101	5.76999998092651
3.74223266601562	0.733599998056889	5.86999988555908
3.697435546875	0.746999983675778	5.96999979019165
3.74786645507813	0.75999996624887	6.07000017166138
3.7569951171875	0.77340001007542	6.17000007629395
3.80047412109375	0.786599994171411	6.26999998092651
3.84104028320312	0.800199981313199	6.36999988555908
3.88377490234375	0.813600025139749	6.46999979019165
3.96128173828125	0.82680000923574	6.57000017166138
4.081703125	0.840199994854629	6.67000007629395
4.19905322265625	0.853600038681179	6.76999998092651
4.31741748046875	0.866999966092408	6.86999988555908
4.4403955078125	0.880200008396059	6.96999979019165
4.5570830078125	0.893799995537847	7.07000017166138
4.65427392578125	0.907199981156737	7.17000007629395
4.75876611328125	0.920600024983287	7.26999998092651
4.86948876953125	0.934000010602176	7.36999988555908
4.966025390625	0.947399996221066	7.46999979019165
5.06006494140625	0.960799981839955	7.57000017166138
5.1502333984375	0.973800022620708	7.67000007629395
5.22160205078125	0.987200066447258	7.76999998092651
5.30831640625	1.00059993565083	7.86999988555908
5.3586435546875	1.01380003616214	7.96999979019165
5.38700830078125	1.02720002178103	8.06999969482422
5.36233544921875	1.04059989098459	8.17000007629395
5.3773203125	1.05359998997301	8.27000045776367
5.4040498046875	1.0669999755919	8.36999988555908
5.405125	1.08019995968789	8.47000026702881
5.41048388671875	1.09339994378388	8.56999969482422
5.42647021484375	1.10660004429519	8.67000007629395
5.42445556640625	1.12000002991408	8.77000045776367
5.50179833984375	1.13320001401007	8.86999988555908
5.66382470703125	1.14659999962896	8.97000026702881
5.9291220703125	1.16019998677075	9.06999969482422
6.156875	1.17340008728206	9.17000007629395
6.364470703125	1.18679995648563	9.27000045776367
6.56229931640625	1.20019994210452	9.36999988555908
6.73046044921875	1.21319992467761	9.47000026702881
6.92017822265625	1.22640002518892	9.56999969482422
7.0849365234375	1.24000001233071	9.67000007629395
7.25457666015625	1.2533999979496	9.77000045776367
7.431916015625	1.26719998661429	9.86999988555908
7.60284814453125	1.27999996766448	9.97000026702881
7.77606494140625	1.29340006969869	10.0699996948242
7.956423828125	1.30659993737936	10.1700000762939
8.125607421875	1.32000003941357	10.2700004577637
8.292283203125	1.33320002350956	10.3699998855591
8.4796640625	1.34680001065135	10.4700002670288
8.65121484375	1.35979999322444	10.5699996948242
8.831279296875	1.37320009525865	10.6700000762939
9.0003896484375	1.38639996293932	10.7700004577637
9.1777763671875	1.39999995008111	10.8699998855591
9.345490234375	1.41340005211532	10.9700002670288
9.510404296875	1.42639991827309	11.0699996948242
9.674091796875	1.4398000203073	11.1700000762939
9.8452685546875	1.45340000744909	11.2700004577637
10.03155859375	1.46659999154508	11.3699998855591
10.197810546875	1.48020009510219	11.4700002670288
10.397046875	1.49300007615238	11.5699996948242
10.5926826171875	1.50660006329417	11.6700000762939
10.771349609375	1.51999993249774	11.7700004577637
10.96918359375	1.53320003300905	11.8699998855591
11.174021484375	1.54639990068972	11.9700002670288
11.3532919921875	1.55999988783151	12.0699996948242
11.5408603515625	1.57319998834282	12.1700000762939
11.76434765625	1.58659997396171	12.2700004577637
11.9516103515625	1.5997999580577	12.3699998855591
12.1699873046875	1.61319994367659	12.4700002670288
12.373546875	1.6264000441879	12.5699996948242
12.59115234375	1.63979991339147	12.6700000762939
12.783150390625	1.65320001542568	12.7700004577637
13.00675	1.66639999952167	12.8699998855591
13.2185546875	1.67979998514056	12.9700002670288
13.4403251953125	1.69319997075945	13.0699996948242
13.6703974609375	1.70640007127076	13.1700000762939
13.9017880859375	1.71979994047433	13.2700004577637
14.1394521484375	1.73319992609322	13.3699998855591
14.3568134765625	1.74640002660453	13.4700002670288
14.6006142578125	1.75980001222342	13.5699996948242
14.83963671875	1.77299999631941	13.6700000762939
15.0786787109375	1.7865999834612	13.7700004577637
15.334337890625	1.79959996603429	13.8699998855591
15.6026787109375	1.81299995165318	13.9700002670288
15.8613134765625	1.82640005368739	14.0699996948242
16.1125166015625	1.83980003930628	14.1700000762939
16.370857421875	1.85319990850985	14.2700004577637
16.655203125	1.86640000902116	14.3699998855591
16.9108203125	1.87959999311715	14.4700002670288
17.1871875	1.89299997873604	14.5699996948242
17.478845703125	1.90639996435493	14.6700000762939
17.7616796875	1.91960006486624	14.7700004577637
18.027142578125	1.93299993406981	14.8699998855591
18.322796875	1.94640003610402	14.9700002670288
18.58024609375	1.95960002020001	15.0699996948242
18.893708984375	1.97300012223423	15.1700000762939
19.20766796875	1.98619998991489	15.2700004577637
19.47428125	1.99960009194911	15.3699998855591
19.77129296875	2.01319996267557	15.4700002670288
20.07401171875	2.02620006166399	15.5699996948242
20.368904296875	2.03959993086755	15.6700000762939
20.67491796875	2.05300003290176	15.7700004577637
20.97108203125	2.06640013493598	15.8699998855591
21.28165625	2.07980000413954	15.9700002670288
21.58215234375	2.09299987182021	16.0699996948242
21.88209375	2.10639997385442	16.1700000762939
22.192568359375	2.11980007588863	16.2700004577637
22.519275390625	2.1331999450922	16.3700008392334
22.8179609375	2.14640004560351	16.4699993133545
23.1371796875	2.15980014763772	16.5699996948242
23.444193359375	2.17319978401065	16.6700000762939
23.7580703125	2.18619988299906	16.7700004577637
24.11216796875	2.19979998655617	16.8700008392334
24.424412109375	2.21300008706748	16.9699993133545
24.75622265625	2.2262001875788	17.0699996948242
25.08896484375	2.23960005678236	17.1700000762939
25.42220703125	2.25299992598593	17.2700004577637
25.75175	2.26620002649724	17.3700008392334
26.08780859375	2.27959989570081	17.4699993133545
26.42661328125	2.29319999925792	17.5699996948242
26.752806640625	2.30640009976923	17.6700000762939
27.112431640625	2.31960020028055	17.7700004577637
27.44834375	2.33299983665347	17.8700008392334
27.778587890625	2.34619993716478	17.9699993133545
28.1242109375	2.35980004072189	18.0699996948242
28.4724453125	2.37299990840256	18.1700000762939
28.8128359375	2.38620000891387	18.2700004577637
29.13737890625	2.39960011094809	18.3700008392334
29.4928203125	2.41279997862875	18.4699993133545
29.82220703125	2.42619984783232	18.5699996948242
30.18395703125	2.43959994986653	18.6700000762939
30.53928515625	2.45300005190074	18.7700004577637
30.901166015625	2.46620015241206	18.8700008392334
31.260326171875	2.47960002161562	18.9699993133545
31.602115234375	2.49279988929629	19.0699996948242
31.967435546875	2.5061999913305	19.1700000762939
32.34490234375	2.51959986053407	19.2700004577637
32.71309375	2.53279996104538	19.3700008392334
33.06921484375	2.54640006460249	19.4699993133545
33.42844921875	2.55940016359091	19.5699996948242
33.80921875	2.57300003431737	19.6700000762939
34.1743046875	2.58599990047514	19.7700004577637
34.548515625	2.59960000403225	19.8700008392334
34.91909375	2.61279987171292	19.9699993133545
35.2995390625	2.62619997374713	20.0699996948242
35.65384375	2.63960007578135	20.1700000762939
36.04090625	2.65280017629266	20.2700004577637
36.394328125	2.66619981266558	20.3700008392334
36.78485546875	2.67939991317689	20.4699993133545
37.1754140625	2.69280001521111	20.5699996948242
37.583296875	2.70619988441467	20.6700000762939
37.96655859375	2.71939998492599	20.7700004577637
38.36540625	2.7326000854373	20.8700008392334
38.7705078125	2.74599995464087	20.9699993133545
39.19278125	2.75959982536733	21.0699996948242
39.6076484375	2.77279992587864	21.1700000762939
40.03275	2.78620002791286	21.2700004577637
40.473015625	2.79959989711642	21.3700008392334
40.896953125	2.81299999915063	21.4699993133545
41.32684375	2.8259998653084	21.5699996948242
41.786578125	2.83939996734262	21.6700000762939
42.23125	2.85279983654618	21.7700004577637
42.692734375	2.8659999370575	21.8700008392334
43.1534375	2.87940003909171	21.9699993133545
43.61689453125	2.89260013960302	22.0699996948242
44.08842578125	2.90580000728369	22.1700000762939
44.556796875	2.91939987801015	22.2700004577637
45.035109375	2.93239997699857	22.3700008392334
45.52114453125	2.94580007903278	22.4699993133545
46.01578125	2.95959995128214	22.5699996948242
46.5349609375	2.97280005179346	22.6700000762939
47.0196953125	2.98620015382767	22.7700004577637
47.49857421875	2.99920001998544	22.8700008392334
47.99987109375	3.012599889189	22.9699993133545
48.5587734375	3.02599999122322	23.0699996948242
49.0626171875	3.03920009173453	23.1700000762939
49.574484375	3.0525999609381	23.2700004577637
50.10563671875	3.06600006297231	23.3700008392334
50.63151953125	3.07919993065298	23.4699993133545
51.198171875	3.09279980137944	23.5699996948242
51.74527734375	3.10599990189075	23.6700000762939
52.29223828125	3.11940000392497	23.7700004577637
52.8706796875	3.13280010595918	23.8700008392334
53.41235546875	3.14599997363985	23.9699993133545
54.00023046875	3.15940007567406	24.0699996948242
54.57816796875	3.17239994183183	24.1700000762939
55.17516015625	3.18600004538894	24.2700004577637
55.77	3.1993999145925	24.3700008392334
56.35919140625	3.21280001662672	24.4699993133545
56.96776953125	3.22600011713803	24.5699996948242
57.580953125	3.2393999863416	24.6700000762939
58.19426171875	3.25280008837581	24.7700004577637
58.8175546875	3.26599995605648	24.8700008392334
59.43017578125	3.27920005656779	24.9699993133545
60.06716015625	3.29239992424846	25.0699996948242
60.7390859375	3.30620002932847	25.1700000762939
61.3921328125	3.31940012983978	25.2700004577637
62.01917578125	3.33260023035109	25.3700008392334
62.66550390625	3.34579986520112	25.4699993133545
63.35466015625	3.35919996723533	25.5699996948242
64.0187421875	3.37260006926954	25.6700000762939
64.66314453125	3.38579993695021	25.7700004577637
65.3471484375	3.39960004203022	25.8700008392334
66.0409453125	3.41280014254153	25.9699993133545
66.7178671875	3.4258000086993	26.0699996948242
67.3916328125	3.43939987942576	26.1700000762939
68.0599609375	3.45239997841418	26.2700004577637
68.777578125	3.46580008044839	26.3700008392334
69.47496875	3.47919994965196	26.4699993133545
70.17584375	3.49260005168617	26.5699996948242
70.887078125	3.50579991936684	26.6700000762939
71.5838984375	3.51920002140105	26.7700004577637
72.3145703125	3.53279989212751	26.8700008392334
72.99425	3.54559998959303	26.9699993133545
73.7451015625	3.55920009315014	27.0699996948242
74.4500546875	3.57259996235371	27.1700000762939
75.1960234375	3.58600006438792	27.2700004577637
75.89478125	3.59919993206859	27.3700008392334
76.638328125	3.6126000341028	27.4699993133545
77.3972578125	3.62579990178347	27.5699996948242
78.109015625	3.63920000381768	27.6700000762939
78.8618203125	3.65260010585189	27.7700004577637
79.61165625	3.6658002063632	27.8700008392334
80.396484375	3.67919984273612	27.9699993133545
81.138671875	3.69239994324744	28.0699996948242
81.9278359375	3.70580004528165	28.1700000762939
82.6758046875	3.71919991448522	28.2700004577637
83.4765859375	3.73240001499653	28.3700008392334
84.239234375	3.7455998826772	28.4699993133545
85.0219296875	3.75899998471141	28.5699996948242
85.8064296875	3.77220008522272	28.6700000762939
86.589078125	3.78579995594919	28.7700004577637
87.4072578125	3.7990000564605	28.8700008392334
88.185	3.81220015697181	28.9699993133545
88.9864296875	3.82559979334474	29.0699996948242
89.7993359375	3.83899989537895	29.1700000762939
90.6041640625	3.85239999741316	29.2700004577637
91.421359375	3.86560009792447	29.3700008392334
92.211140625	3.87919996865094	29.4699993133545
93.0485625	3.89240006916225	29.5699996948242
93.85640625	3.90580017119646	29.6700000762939
94.6734140625	3.91920004040003	29.7700004577637
95.4841328125	3.9325999096036	29.8700008392334
96.286453125	3.94600024446845	29.9699993133545
97.10365625	3.95900011062622	30.0699996948242
97.9123359375	3.97239997982979	30.1700000762939
98.71225	3.9856000803411	30.2700004577637
99.552375	3.99899994954467	30.3700008392334
100.3791640625	4.01220005005598	30.4699993133545
101.194328125	4.02580015361309	30.5699996948242
102.0509765625	4.0390002541244	30.6700000762939
102.8566328125	4.05240012332797	30.7700004577637
103.67359375	4.06539998948574	30.8700008392334
104.5284609375	4.07900009304285	30.9699993133545
105.36859375	4.09219972789288	31.0699996948242
106.1865703125	4.10560006275773	31.1700000762939
107.03728125	4.1189999319613	31.2700004577637
107.851984375	4.13219956681132	31.3700008392334
108.6810390625	4.14559990167618	31.4699993133545
109.5316953125	4.15899977087975	31.5699996948242
110.369875	4.1724001057446	31.6700000762939
111.2009375	4.18539997190237	31.7700004577637
112.023796875	4.19900007545948	31.8700008392334
112.8424140625	4.21199994161725	31.9699993133545
113.6695390625	4.22559957951307	32.0699996948242
114.5344765625	4.23899991437793	32.1699981689453
115.328140625	4.25220001488924	32.2700004577637
116.15634375	4.2656003497541	32.3699989318848
117.011109375	4.27879998460412	32.4700012207031
117.839328125	4.29220031946898	32.5699996948242
118.68096875	4.30560018867254	32.6699981689453
119.499578125	4.31879982352257	32.7700004577637
120.3277734375	4.33220015838742	32.8699989318848
121.1716875	4.34560002759099	32.9700012207031
121.98065625	4.35860035941005	33.0699996948242
122.8164375	4.37219999730587	33.1699981689453
123.643375	4.3853996321559	33.2700004577637
124.4721015625	4.39900020137429	33.3699989318848
125.307875	4.41200006753206	33.4700012207031
126.1216484375	4.42560017108917	33.5699996948242
126.9428671875	4.43919980898499	33.6699981689453
127.7400703125	4.45220014080405	33.7700004577637
128.5622734375	4.46540024131536	33.8699989318848
129.3748359375	4.47899987921119	33.9700012207031
130.190109375	4.49200021103024	34.0699996948242
131.0229140625	4.50540008023381	34.1699981689453
131.82521875	4.51900018379092	34.2700004577637
132.625734375	4.53200004994869	34.3699989318848
133.46878125	4.54539991915226	34.4700012207031
134.287140625	4.55860001966357	34.5699996948242
135.0801875	4.57219965755939	34.6699981689453
135.9088125	4.58540022373199	34.7700004577637
136.71109375	4.59880009293556	34.8699989318848
137.549765625	4.61219996213913	34.9700012207031
138.33965625	4.6251998282969	35.0699996948242
139.20071875	4.63859969750047	35.1699981689453
139.991890625	4.65200003236532	35.2700004577637
140.82978125	4.66539990156889	35.3699989318848
141.66115625	4.6786000020802	35.4700012207031
142.509359375	4.69199987128377	35.5699996948242
143.336078125	4.70519997179508	35.6699981689453
144.19559375	4.71840007230639	35.7700004577637
145.05721875	4.73199971020222	35.8699989318848
145.876796875	4.74500004202127	35.9700012207031
146.713671875	4.75839991122484	36.0699996948242
147.55709375	4.7718002460897	36.1699981689453
148.38875	4.78499988093972	36.2700004577637
149.203328125	4.79839975014329	36.3699989318848
150.03865625	4.81180008500814	36.4700012207031
150.864734375	4.82499971985817	36.5699996948242
151.69525	4.83840005472302	36.6699981689453
152.515328125	4.85160015523434	36.7700004577637
153.33740625	4.86499955877662	36.8699989318848
154.15996875	4.87820012494922	36.9700012207031
154.9806875	4.89159999415278	37.0699996948242
155.781140625	4.9048000946641	37.1699981689453
156.5895625	4.91800019517541	37.2700004577637
157.42409375	4.93139959871769	37.3699989318848
158.218734375	4.94500016793609	37.4700012207031
159.05015625	4.95800003409386	37.5699996948242
159.832171875	4.97160013765097	37.6699981689453
160.627296875	4.98479977250099	37.7700004577637
161.437859375	4.99840034171939	37.8699989318848
162.21090625	5.01159997656941	37.9700012207031
162.995890625	5.02500031143427	38.0699996948242
163.743265625	5.03819994628429	38.1699981689453
164.526578125	5.05159981548786	38.2700004577637
165.301125	5.06500015035272	38.3699989318848
166.06621875	5.07819978520274	38.4700012207031
166.81478125	5.09180035442114	38.5699996948242
167.545	5.10519975796342	38.6699981689453
168.339046875	5.11819962412119	38.7700004577637
169.08384375	5.13159995898604	38.8699989318848
169.8370625	5.14499982818961	38.9700012207031
170.5565	5.15840016305447	39.0699996948242
171.309203125	5.17159979790449	39.1699981689453
172.05165625	5.18520036712289	39.2700004577637
172.810328125	5.19840000197291	39.3699989318848
173.562171875	5.21159963682294	39.4700012207031
174.27925	5.22499997168779	39.5699996948242
175.0365625	5.23859960958362	39.6699981689453
175.78140625	5.25180017575622	39.7700004577637
176.506453125	5.26499981060624	39.8699989318848
177.2355	5.2784001454711	39.9700012207031
177.963421875	5.29160024598241	40.0699996948242
178.6884375	5.30499964952469	40.1699981689453
179.414234375	5.31839998438954	40.2700004577637
180.158171875	5.33179985359311	40.3699989318848
180.865234375	5.34499995410442	40.4700012207031
181.605015625	5.35820005461574	40.5699996948242
182.316140625	5.3715999238193	40.6699981689453
183.047859375	5.38480002433062	40.7700004577637
183.7583125	5.39819989353418	40.8699989318848
184.4895	5.41160022839904	40.9700012207031
185.215578125	5.42500009760261	41.0699996948242
185.9135625	5.43839996680617	41.1699981689453
186.659421875	5.45160006731749	41.2700004577637
187.356	5.46499993652105	41.3699989318848
188.078546875	5.47840027138591	41.4700012207031
188.776515625	5.49139967188239	41.5699996948242
189.491828125	5.50500024110079	41.6699981689453
190.1906875	5.51859987899661	41.7700004577637
190.913328125	5.53160021081567	41.8699989318848
191.6329375	5.54500008001924	41.9700012207031
192.318046875	5.5583999492228	42.0699996948242
192.992203125	5.57140028104186	42.1699981689453
193.701515625	5.58499991893768	42.2700004577637
194.402046875	5.59840025380254	42.3699989318848
195.116546875	5.61180012300611	42.4700012207031
195.783921875	5.62479998916388	42.5699996948242
196.48040625	5.63819985836744	42.6699981689453
197.16328125	5.65179996192455	42.7700004577637
197.8450625	5.66520029678941	42.8699989318848
198.52015625	5.67819969728589	42.9700012207031
199.179765625	5.69160003215075	43.0699996948242
199.86396875	5.70499990135431	43.1699981689453
200.54165625	5.71820000186563	43.2700004577637
201.181921875	5.73180010542274	43.3699989318848
201.84859375	5.74499974027276	43.4700012207031
202.483171875	5.75820030644536	43.5699996948242
203.146890625	5.77179994434118	43.6699981689453
203.79709375	5.7850000448525	43.7700004577637
204.44378125	5.79839991405606	43.8699989318848
205.083265625	5.81179978325963	43.9700012207031
205.712671875	5.82499988377094	44.0699996948242
206.35675	5.83839975297451	44.1699981689453
206.971578125	5.85180008783937	44.2700004577637
207.59990625	5.86499972268939	44.3699989318848
208.236828125	5.87840005755424	44.4700012207031
208.85534375	5.89179992675781	44.5699996948242
209.463390625	5.90500002726912	44.6699981689453
210.090625	5.91839989647269	44.7700004577637
210.695625	5.93179976567626	44.8699989318848
211.318953125	5.94520010054111	44.9700012207031
211.890234375	5.95819996669888	45.0699996948242
212.48759375	5.97159983590245	45.1699981689453
213.09940625	5.98519993945956	45.2700004577637
213.6654375	5.99819980561733	45.3699989318848
214.265484375	6.01160014048219	45.4700012207031
214.824671875	6.02479977533221	45.5699996948242
215.399453125	6.03840034455061	45.6699981689453
215.979125	6.05179974809289	45.7700004577637
216.550515625	6.06520008295774	45.8699989318848
217.11771875	6.07819994911551	45.9700012207031
217.658734375	6.09159981831908	46.0699996948242
218.205984375	6.10500015318394	46.1699981689453
218.75684375	6.1184000223875	46.2700004577637
219.310078125	6.13180035725236	46.3699989318848
219.830234375	6.14480022341013	46.4700012207031
220.38934375	6.15839986130595	46.5699996948242
220.900203125	6.17180019617081	46.6699981689453
221.43009375	6.18499983102083	46.7700004577637
221.935859375	6.19820039719343	46.8699989318848
222.444328125	6.21180003508925	46.9700012207031
222.937875	6.22520036995411	47.0699996948242
223.45509375	6.23820023611188	47.1699981689453
223.958109375	6.25159963965416	47.2700004577637
224.459984375	6.26520020887256	47.3699989318848
224.945953125	6.27820007503033	47.4700012207031
225.436171875	6.29160040989518	47.5699996948242
225.909921875	6.30499981343746	47.6699981689453
226.4025625	6.31839968264103	47.7700004577637
226.871484375	6.33160024881363	47.8699989318848
227.340796875	6.34499965235591	47.9700012207031
227.81575	6.35860022157431	48.0699996948242
228.271390625	6.37160008773208	48.1699981689453
228.693625	6.38480018824339	48.2700004577637
229.176796875	6.39839982613921	48.3699989318848
229.601484375	6.41159992665052	48.4700012207031
230.02	6.42480002716184	48.5699996948242
230.44340625	6.43839966505766	48.6699981689453
230.840140625	6.45179999992251	48.7700004577637
231.262984375	6.46519986912608	48.8699989318848
231.65946875	6.47819973528385	48.9700012207031
232.0611875	6.49179983884096	49.0699996948242
232.485921875	6.50519970804453	49.1699981689453
232.85140625	6.51820003986359	49.2700004577637
233.301515625	6.53179967775941	49.3699989318848
233.656578125	6.54520001262426	49.4700012207031
234.06484375	6.55819987878203	49.5699996948242
234.453671875	6.57200021669269	49.6699981689453
234.854859375	6.58500008285046	49.7700004577637
235.21025	6.59819971770048	49.8699989318848
235.627046875	6.61160005256534	49.9700012207031
235.996859375	6.6249999217689	50.0699996948242
236.37425	6.63820002228022	50.1699981689453
236.7453125	6.65159989148378	50.2700004577637
237.11259375	6.66499976068735	50.3699989318848
237.465109375	6.67840009555221	50.4700012207031
237.81178125	6.69179996475577	50.5699996948242
238.143953125	6.70500006526709	50.6699981689453
238.480109375	6.71839993447065	50.7700004577637
238.81909375	6.73180026933551	50.8699989318848
239.160578125	6.74480013549328	50.9700012207031
239.49309375	6.75820000469685	51.0699996948242
239.844265625	6.77180010825396	51.1699981689453
240.1756875	6.78499974310398	51.2700004577637
240.49046875	6.79840007796884	51.3699989318848
240.817875	6.81160017848015	51.4700012207031
241.145421875	6.82479981333017	51.5699996948242
241.475328125	6.83820014819503	51.6699981689453
241.79809375	6.8516000173986	51.7700004577637
242.105953125	6.86499988660216	51.8699989318848
242.39521875	6.87839975580573	51.9700012207031
242.699453125	6.89160032197833	52.0699996948242
242.985234375	6.9050001911819	52.1699981689453
243.289	6.91839959472418	52.2700004577637
243.5360625	6.93179992958903	52.3699989318848
243.800890625	6.94500003010035	52.4700012207031
244.090703125	6.95839989930391	52.5699996948242
244.3419375	6.97159999981523	52.6699981689453
244.5866875	6.98500033468008	52.7700004577637
244.873859375	6.9985999725759	52.8699989318848
245.12225	7.01159983873367	52.9700012207031
245.3648125	7.02500017359853	53.0699996948242
245.599875	7.03819980844855	53.1699981689453
245.875796875	7.05179991200566	53.2700004577637
246.11034375	7.06519978120923	53.3699989318848
246.345125	7.078199647367	53.4700012207031
246.582953125	7.0918002165854	53.5699996948242
246.817109375	7.10519962012768	53.6699981689453
247.0206875	7.11840018630028	53.7700004577637
247.259953125	7.1319998241961	53.8699989318848
247.479921875	7.14500015601516	53.9700012207031
247.668765625	7.15840002521873	54.0699996948242
247.902359375	7.17159966006875	54.1699981689453
248.101265625	7.18499999493361	54.2700004577637
248.320109375	7.19820009544492	54.3699989318848
248.51471875	7.21199996769428	54.4700012207031
248.741078125	7.22499983385205	54.5699996948242
248.939359375	7.23840016871691	54.6699981689453
249.11821875	7.25159980356693	54.7700004577637
249.300984375	7.2649996727705	54.8699989318848
249.477953125	7.27840000763535	54.9700012207031
249.645921875	7.29179987683892	55.0699996948242
249.81590625	7.30499997735023	55.1699981689453
249.979296875	7.31820007786155	55.2700004577637
250.1583125	7.33180018141866	55.3699989318848
250.298734375	7.34499981626868	55.4700012207031
250.44675	7.35819991677999	55.5699996948242
250.6185	7.3718000203371	55.6699981689453
250.749203125	7.38519988954067	55.7700004577637
250.880453125	7.39839999005198	55.8699989318848
251.055921875	7.41179985925555	55.9700012207031
251.1829375	7.42499995976686	56.0699996948242
251.32696875	7.43839982897043	56.1699981689453
251.50521875	7.45159992948174	56.2700004577637
251.637359375	7.4650002643466	56.3699989318848
251.79384375	7.47819989919662	56.4700012207031
251.9549375	7.49160023406148	56.5699996948242
252.06465625	7.50500010326505	56.6699981689453
252.179109375	7.51839997246861	56.7700004577637
252.2995	7.53160007297993	56.8699989318848
252.409828125	7.54499994218349	56.9700012207031
252.500109375	7.55840027704835	57.0699996948242
252.571671875	7.57180014625192	57.1699981689453
252.69703125	7.58540024980903	57.2700004577637
252.79853125	7.5984001159668	57.3699989318848
252.8815625	7.61179998517036	57.4700012207031
252.967609375	7.62500008568168	57.5699996948242
253.041546875	7.63839995488524	57.6699981689453
253.1234375	7.6518002897501	57.7700004577637
253.224578125	7.66520015895367	57.8699989318848
253.297578125	7.67840025946498	57.9700012207031
253.397375	7.691599894315	58.0699996948242
253.51925	7.70499976351857	58.1699981689453
253.598359375	7.71820032969117	58.2700004577637
253.708203125	7.73159973323345	58.3699989318848
253.808765625	7.74500006809831	58.4700012207031
253.89746875	7.75839993730187	58.5699996948242
253.9735	7.77180027216673	58.6699981689453
254.0696875	7.78499990701675	58.7700004577637
254.144375	7.79839977622032	58.8699989318848
254.223	7.81180011108518	58.9700012207031
254.315140625	7.82500021159649	59.0699996948242
254.369296875	7.83840008080006	59.1699981689453
254.4414375	7.85179995000362	59.2700004577637
254.48628125	7.86499958485365	59.3699989318848
254.562203125	7.87820015102625	59.4700012207031
254.613671875	7.89160002022982	59.5699996948242
254.676984375	7.90499988943338	59.6699981689453
254.7280625	7.91839975863695	59.7700004577637
254.78546875	7.93179962784052	59.8699989318848
254.835921875	7.94500019401312	59.9700012207031
254.8628125	7.95840006321669	60.0699996948242
254.9085	7.97179993242025	60.1699981689453
254.922828125	7.98500049859285	60.2700004577637
254.974609375	7.99859967082739	60.3699989318848
254.974296875	8.01180023699999	60.4700012207031
255.0150625	8.02520010620356	60.5699996948242
255.04415625	8.03839974105358	60.6699981689453
255.07015625	8.05179961025715	60.7700004577637
255.091671875	8.06519947946072	60.8699989318848
255.112375	8.07840004563332	60.9700012207031
255.142328125	8.09179991483688	61.0699996948242
255.14628125	8.10480024665594	61.1699981689453
255.16359375	8.11820011585951	61.2700004577637
255.198421875	8.13179928809404	61.3699989318848
255.186734375	8.14500078558922	61.4700012207031
255.213515625	8.15839972347021	61.5699996948242
255.199671875	8.17160028964281	61.6699981689453
255.223609375	8.18519946187735	61.7700004577637
255.23065625	8.19839909672737	61.8699989318848
255.197859375	8.21160059422255	61.9700012207031
255.203046875	8.22519976645708	62.0699996948242
255.1820625	8.23840033262968	62.1699981689453
255.159921875	8.25159996747971	62.2700004577637
255.12821875	8.26500076800585	62.3699989318848
255.1033125	8.27840063720942	62.4700012207031
255.055546875	8.29160027205944	62.5699996948242
255.060546875	8.30500014126301	62.6699981689453
255.042203125	8.31840001046658	62.7700004577637
254.969625	8.33180081099272	62.8699989318848
254.96253125	8.34500044584274	62.9700012207031
254.898890625	8.35840031504631	63.0699996948242
254.86975	8.37180018424988	63.1699981689453
254.798828125	8.38479958474636	63.2700004577637
254.7690625	8.39840061962605	63.3699989318848
254.720875	8.41180048882961	63.4700012207031
254.652796875	8.42500012367964	63.5699996948242
254.6189375	8.43859929591417	63.6699981689453
254.543421875	8.45180079340935	63.7700004577637
254.49103125	8.46520066261292	63.8699989318848
254.40509375	8.47840029746294	63.9700012207031
254.363890625	8.49180016666651	64.0699996948242
254.28053125	8.50520003587008	64.1699981689453
254.190296875	8.51860083639622	64.2699966430664
254.123234375	8.53180047124624	64.370002746582
254.039375	8.54520034044981	64.4700012207031
253.95375	8.55860020965338	64.5699996948242
253.81215625	8.57159961014986	64.6699981689453
253.749609375	8.58520064502954	64.7699966430664
253.643234375	8.59840027987957	64.870002746582
253.529984375	8.61180014908314	64.9700012207031
253.429359375	8.62499978393316	65.0699996948242
253.317453125	8.63839965313673	65.1699981689453
253.23990625	8.65180045366287	65.2699966430664
253.1020625	8.6650000885129	65.370002746582
253.00434375	8.67819972336292	65.4700012207031
252.917625	8.69179982692003	65.5699996948242
252.816890625	8.70520062744617	65.6699981689453
252.709953125	8.7184002622962	65.7699966430664
252.608515625	8.73180013149977	65.870002746582
252.5038125	8.74520000070333	65.9700012207031
252.387515625	8.7585998699069	66.0699996948242
252.282390625	8.77160020172596	66.1699981689453
252.17296875	8.78520030528307	66.2699966430664
252.050484375	8.79839994013309	66.370002746582
251.926078125	8.81179980933666	66.4700012207031
251.79803125	8.82519967854023	66.5699996948242
251.64409375	8.83820001035929	66.6699981689453
251.50984375	8.8518001139164	66.7699966430664
251.367625	8.86499974876642	66.870002746582
251.2223125	8.87839961796999	66.9700012207031
251.06425	8.89200065284967	67.0699996948242
250.899328125	8.9052002876997	67.1699981689453
250.7166875	8.91860015690327	67.2699966430664
250.54903125	8.93200002610683	67.370002746582
250.34540625	8.9453998953104	67.4700012207031
249.823703125	8.95920023322105	67.5699996948242
248.6560625	8.97180009633303	67.6699981689453
248.195578125	8.98540019989014	67.7699966430664
247.82040625	8.9988000690937	67.870002746582
247.4073125	9.01219993829727	67.9700012207031
247.041875	9.02520027011633	68.0699996948242
246.666890625	9.03880037367344	68.1699981689453
246.2218125	9.05220024287701	68.2699966430664
245.80190625	9.06579941511154	68.370002746582
245.390078125	9.07900091260672	68.4700012207031
244.96159375	9.09239985048771	68.5699996948242
244.5633125	9.10560041666031	68.6699981689453
244.209640625	9.11919958889484	68.7699966430664
243.83125	9.13239922374487	68.870002746582
243.49325	9.14560072124004	68.9700012207031
243.1991875	9.15900059044361	69.0699996948242
242.875	9.17240045964718	69.1699981689453
242.584546875	9.18579939752817	69.2699966430664
242.254171875	9.19899996370077	69.370002746582
241.96521875	9.21240076422691	69.4700012207031
241.665703125	9.22560039907694	69.5699996948242
241.35284375	9.23919957131147	69.6699981689453
240.988390625	9.25240013748407	69.7699966430664
240.583015625	9.26580093801022	69.870002746582
240.109453125	9.27919987589121	69.9700012207031
239.5363125	9.29259974509478	70.0699996948242
238.9188125	9.30580031126738	70.1699981689453
238.28353125	9.31939948350191	70.2699966430664
237.4701875	9.33280028402805	70.370002746582
236.345796875	9.34620015323162	70.4700012207031
235.225453125	9.35960002243519	70.5699996948242
234.07353125	9.37279965728521	70.6699981689453
232.8244375	9.38639976084232	70.7699966430664
231.472765625	9.39960032701492	70.870002746582
229.97315625	9.41279996186495	70.9700012207031
228.345296875	9.42640006542206	71.0699996948242
226.539	9.43999923765659	71.1699981689453
224.587765625	9.45279933512211	71.2699966430664
222.795375	9.46640037000179	71.370002746582
221.1250625	9.47960000485182	71.4700012207031
219.537203125	9.49320010840893	71.5699996948242
218.01596875	9.5065999776125	71.6699981689453
216.581078125	9.52000077813864	71.7699966430664
214.49596875	9.53339971601963	71.870002746582
212.79159375	9.54660028219223	71.9700012207031
211.1066875	9.5600001513958	72.0699996948242
209.556125	9.57319978624582	72.1699981689453
208.21015625	9.58640035241842	72.2699966430664
207.04434375	9.59980022162199	72.370002746582
205.982734375	9.61299985647202	72.4700012207031
204.996109375	9.62659996002913	72.5699996948242
204.101765625	9.64000076055527	72.6699981689453
203.27615625	9.65320039540529	72.7699966430664
202.550875	9.66640003025532	72.870002746582
201.83915625	9.67979989945889	72.9700012207031
201.22134375	9.69319976866245	73.0699996948242
200.652890625	9.70640033483505	73.1699981689453
200.09515625	9.71959996968508	73.2699966430664
199.606484375	9.73320007324219	73.370002746582
199.110828125	9.74639970809221	73.4700012207031
198.649	9.75959934294224	73.5699996948242
198.189140625	9.77320037782192	73.6699981689453
197.74178125	9.78640001267195	73.7699966430664
197.30709375	9.79979988187551	73.870002746582
196.886484375	9.81299951672554	73.9700012207031
196.349375	9.82659962028265	74.0699996948242
195.859359375	9.83980018645525	74.1699981689453
195.4390625	9.85299982130527	74.2699966430664
195.005	9.86659992486238	74.370002746582
194.61453125	9.87979955971241	74.4700012207031
194.234359375	9.89299919456244	74.5699996948242
193.82721875	9.90639999508858	74.6699981689453
193.444125	9.91979986429214	74.7699966430664
193.060890625	9.93299949914217	74.870002746582
192.68321875	9.94639936834574	74.9700012207031
192.311625	9.95980016887188	75.0699996948242
191.944796875	9.9729998037219	75.1699981689453
191.62309375	9.98639967292547	75.2699966430664
191.27515625	9.99979954212904	75.370002746582
190.94528125	10.0131994113326	75.4700012207031
190.60628125	10.0263999775052	75.5699996948242
190.24825	10.0396005436778	75.6699981689453
189.93353125	10.0531997159123	75.7699966430664
189.5523125	10.0663993507624	75.870002746582
189.185625	10.0797992199659	75.9700012207031
188.797453125	10.0930007174611	76.0699996948242
188.41775	10.1063996553421	76.1699981689453
188.049546875	10.1197995245457	76.2699966430664
187.66675	10.1330000907183	76.370002746582
187.302875	10.1464008912444	76.4700012207031
186.904734375	10.1596005260944	76.5699996948242
186.516875	10.173199698329	76.6699981689453
186.15275	10.186200030148	76.7699966430664
185.8203125	10.1997992023826	76.870002746582
185.45815625	10.2130006998777	76.9700012207031
185.096875	10.2262003347278	77.0699996948242
184.771390625	10.2398004382849	77.1699981689453
184.4079375	10.2531993761659	77.2699966430664
184.082328125	10.2663999423385	77.370002746582
183.7470625	10.2798007428646	77.4700012207031
183.431	10.2931996807456	77.5699996948242
183.109984375	10.3065995499492	77.6699981689453
182.798734375	10.3198001161218	77.7699966430664
182.467484375	10.3332009166479	77.870002746582
182.1989375	10.3464005514979	77.9700012207031
181.905359375	10.359600186348	78.0699996948242
181.59646875	10.3730000555515	78.1699981689453
181.30146875	10.3863999247551	78.2699966430664
181.007296875	10.3998007252812	78.370002746582
180.6618125	10.4130003601313	78.4700012207031
180.228328125	10.4264002293348	78.5699996948242
179.858515625	10.4398000985384	78.6699981689453
179.480625	10.453199967742	78.7699966430664
179.11715625	10.4666007682681	78.870002746582
178.744796875	10.4799997061491	78.9700012207031
178.3539375	10.4930000379682	79.0699996948242
177.9945625	10.5061996728182	79.1699981689453
177.5980625	10.5197997763753	79.2699966430664
177.204703125	10.5332005769014	79.370002746582
176.870171875	10.546600446105	79.4700012207031
176.4590625	10.559800080955	79.5699996948242
176.069546875	10.5727994814515	79.6699981689453
175.618125	10.5866007506847	79.7699966430664
175.1805	10.5998003855348	79.870002746582
174.760953125	10.6132002547383	79.9700012207031
174.331	10.6266001239419	80.0699996948242
173.926921875	10.6395995244384	80.1699981689453
173.553734375	10.6532005593181	80.2699966430664
173.176859375	10.6666004285216	80.370002746582
172.8089375	10.6795998290181	80.4700012207031
172.4274375	10.6929996982217	80.5699996948242
172.058953125	10.7063995674253	80.6699981689453
171.7158125	10.7200006023049	80.7699966430664
171.362140625	10.7330000028014	80.870002746582
170.9973125	10.746399872005	80.9700012207031
170.628640625	10.7597997412086	81.0699996948242
170.303125	10.7731996104121	81.1699981689453
169.959359375	10.7861999422312	81.2699966430664
169.62934375	10.8000002801418	81.370002746582
169.2694375	10.8131999149919	81.4700012207031
168.88415625	10.826800018549	81.5699996948242
168.621296875	10.8397994190454	81.6699981689453
168.278609375	10.852999985218	81.7699966430664
167.961734375	10.8666000887752	81.870002746582
167.652578125	10.8795994892716	81.9700012207031
167.3271875	10.8931995928288	82.0699996948242
166.9305625	10.9062008559704	82.1699981689453
166.5129375	10.9195997938514	82.2699966430664
166.256265625	10.9329996630549	82.370002746582
165.921609375	10.9463995322585	82.4700012207031
165.607	10.9597994014621	82.5699996948242
165.27815625	10.9729999676347	82.6699981689453
164.951265625	10.9863998368382	82.7699966430664
164.61840625	10.9997997060418	82.870002746582
164.2733125	11.0129993408918	82.9700012207031
163.942625	11.0263992100954	83.0699996948242
163.594765625	11.0396007075906	83.1699981689453
163.232078125	11.0531998798251	83.2699966430664
162.8935625	11.0665997490287	83.370002746582
162.54159375	11.0797993838787	83.4700012207031
162.184015625	11.0927997156978	83.5699996948242
161.811734375	11.1062005162239	83.6699981689453
161.483921875	11.1197996884584	83.7699966430664
161.127125	11.133199557662	83.870002746582
160.786046875	11.1465994268656	83.9700012207031
160.440984375	11.1596006900072	84.0699996948242
160.03578125	11.1730005592108	84.1699981689453
159.69184375	11.1865997314453	84.2699966430664
159.3071875	11.1999996006489	84.370002746582
158.93140625	11.2131992354989	84.4700012207031
158.546171875	11.2264007329941	84.5699996948242
158.173625	11.2398006021976	84.6699981689453
157.773390625	11.2531995400786	84.7699966430664
157.406515625	11.2665994092822	84.870002746582
156.974359375	11.2797999754548	84.9700012207031
156.576140625	11.2934000790119	85.0699996948242
156.153484375	11.3065997138619	85.1699981689453
155.722984375	11.3198002800345	85.2699966430664
155.29215625	11.3329999148846	85.370002746582
154.861390625	11.3464007154107	85.4700012207031
154.45571875	11.3599998876452	85.5699996948242
153.5145625	11.3735999912024	85.6699981689453
152.60040625	11.3865993916988	85.7699966430664
151.82996875	11.3999992609024	85.870002746582
151.13753125	11.4134000614285	85.9700012207031
150.544609375	11.4266006276011	86.0699996948242
149.957453125	11.4399995654821	86.1699981689453
149.428734375	11.4532001316547	86.2699966430664
148.931078125	11.4666000008583	86.370002746582
148.42490625	11.4799998700619	86.4700012207031
147.967625	11.4932004362345	86.5699996948242
147.49703125	11.506600305438	86.6699981689453
147.016984375	11.5197999402881	86.7699966430664
146.530984375	11.5334000438452	86.870002746582
146.010609375	11.5464003756642	86.9700012207031
145.48496875	11.5600004792213	87.0699996948242
144.966703125	11.5732001140714	87.1699981689453
144.505265625	11.5867992863059	87.2699966430664
143.94259375	11.5998005494475	87.370002746582
143.4974375	11.6134006530046	87.4700012207031
143.061125	11.6266002878547	87.5699996948242
142.645984375	11.6400001570582	87.6699981689453
142.18875	11.6534000262618	87.7699966430664
141.7401875	11.6666005924344	87.870002746582
141.342765625	11.6801997646689	87.9700012207031
140.965328125	11.6934003308415	88.0699996948242
140.5801875	11.706399731338	88.1699981689453
140.2085625	11.7199998348951	88.2699966430664
139.876875	11.7332004010677	88.370002746582
139.557609375	11.7466002702713	88.4700012207031
139.2370625	11.7601994425058	88.5699996948242
138.943546875	11.7731997743249	88.6699981689453
138.683984375	11.786600574851	88.7699966430664
138.393640625	11.7998002097011	88.870002746582
138.101734375	11.8132000789046	88.9700012207031
137.829171875	11.8265999481082	89.0699996948242
137.54834375	11.8399998173118	89.1699981689453
137.252796875	11.8534006178379	89.2699966430664
136.98075	11.8664000183344	89.370002746582
136.753703125	11.879799887538	89.4700012207031
136.49909375	11.892999522388	89.5699996948242
136.24459375	11.9065996259451	89.6699981689453
135.932296875	11.9198001921177	89.7699966430664
135.725859375	11.9332000613213	89.870002746582
135.46225	11.9465999305248	89.9700012207031
135.241390625	11.9597995653749	90.0699996948242
135.0521875	11.9731994345784	90.1699981689453
134.747671875	11.9866002351046	90.2699966430664
134.4979375	12.0000001043081	90.370002746582
134.261921875	12.0133999735117	90.4700012207031
134.014484375	12.0265996083617	90.5699996948242
133.825203125	12.0397992432117	90.6699981689453
133.592140625	12.0534002780914	90.7699966430664
133.384328125	12.0665999129415	90.870002746582
133.17259375	12.079999782145	90.9700012207031
132.88390625	12.093199416995	91.0699996948242
132.738046875	12.1066002175212	91.1699981689453
132.538828125	12.1200000867248	91.2699966430664
132.352921875	12.1333999559283	91.370002746582
132.098921875	12.1465995907784	91.4700012207031
131.924640625	12.1599994599819	91.5699996948242
131.68603125	12.1732000261545	91.6699981689453
131.499359375	12.1864005923271	91.7699966430664
131.2891875	12.1999997645617	91.870002746582
131.094515625	12.2131993994117	91.9700012207031
130.8223359375	12.2265992686152	92.0699996948242
130.642125	12.2398007661104	92.1699981689453
130.449171875	12.2531997039914	92.2699966430664
130.24634375	12.2667998075485	92.370002746582
130.03978125	12.2799994423985	92.4700012207031
129.6265625	12.2934002429247	92.5699996948242
129.3338671875	12.3065998777747	92.6699981689453
129.118640625	12.3201999813318	92.7699966430664
128.9370234375	12.3333996161819	92.870002746582
128.6589453125	12.3465992510319	92.9700012207031
128.4368203125	12.360000051558	93.0699996948242
128.2657734375	12.3733999207616	93.1699981689453
128.0350546875	12.3864002525806	93.2699966430664
127.8425546875	12.3999994248152	93.370002746582
127.6531328125	12.4133992940187	93.4700012207031
127.4409609375	12.4266007915139	93.5699996948242
127.339875	12.4398004263639	93.6699981689453
127.159921875	12.4533995985985	93.7699966430664
126.96878125	12.4666001647711	93.870002746582
126.807421875	12.4797997996211	93.9700012207031
126.6352734375	12.4932006001472	94.0699996948242
126.4819140625	12.5067997723818	94.1699981689453
126.320609375	12.5198001042008	94.2699966430664
126.1545	12.5331999734044	94.370002746582
125.9611640625	12.5468000769615	94.4700012207031
125.8179765625	12.5600006431341	94.5699996948242
125.6307734375	12.5732002779841	94.6699981689453
125.4362734375	12.5866001471877	94.7699966430664
125.2783125	12.6000000163913	94.870002746582
125.1409921875	12.6132005825639	94.9700012207031
124.9659296875	12.6266004517674	95.0699996948242
124.8024296875	12.640000320971	95.1699981689453
124.6045703125	12.6534001901746	95.2699966430664
124.50915625	12.6665998250246	95.370002746582
124.33515625	12.6800006255507	95.4700012207031
124.153265625	12.6934004947543	95.5699996948242
124.0259765625	12.7063998952508	95.6699981689453
123.8332890625	12.7197997644544	95.7699966430664
123.675859375	12.7331996336579	95.870002746582
123.5012109375	12.746199965477	95.9700012207031
123.370828125	12.7598000690341	96.0699996948242
123.2281875	12.7731999382377	96.1699981689453
122.999796875	12.7865998074412	96.2699966430664
122.8428515625	12.8000006079674	96.370002746582
122.643703125	12.8134004771709	96.4700012207031
122.4435703125	12.8268003463745	96.5699996948242
122.3043984375	12.8399999812245	96.6699981689453
122.1196171875	12.8531996160746	96.7699966430664
120.4232109375	12.8688002005219	96.870002746582
119.2477578125	12.8800002858043	96.9700012207031
118.8392421875	12.8934001550078	97.0699996948242
118.339484375	12.9060000181198	97.1699981689453
117.933703125	12.9199996590614	97.2699966430664
117.5847578125	12.933200225234	97.370002746582
117.2382578125	12.9463998600841	97.4700012207031
117.0236796875	12.9599999636412	97.5699996948242
116.77440625	12.9731995984912	97.6699981689453
116.53565625	12.9868006333709	97.7699966430664
116.3527890625	12.9998000338674	97.870002746582
116.156109375	13.0131999030709	97.9700012207031
116.00371875	13.0265997722745	98.0699996948242
115.8041484375	13.0397994071245	98.1699981689453
115.661203125	13.0532002076507	98.2699966430664
115.468375	13.0666000768542	98.370002746582
115.281328125	13.0797997117043	98.4700012207031
115.144390625	13.0931995809078	98.5699996948242
114.947796875	13.1065994501114	98.6699981689453
114.8638984375	13.1200002506375	98.7699966430664
114.6503125	13.1330005824566	98.870002746582
114.4716171875	13.1465997546911	98.9700012207031
114.30890625	13.1597993895411	99.0699996948242
114.1165078125	13.1729999557137	99.1699981689453
113.9536171875	13.1866000592709	99.2699966430664
113.8000390625	13.1999999284744	99.370002746582
113.70334375	13.2131995633245	99.4700012207031
113.466625	13.2264001294971	99.5699996948242
113.2922265625	13.2400002330542	99.6699981689453
113.12415625	13.2534001022577	99.7699966430664
112.9690859375	13.2665997371078	99.870002746582
112.8073125	13.2798003032804	99.9700012207031
112.6472109375	13.2931992411613	100.069999694824
112.5440390625	13.3066000416875	100.169998168945
112.3428984375	13.3198006078601	100.269996643066
112.182203125	13.3332004770637	100.370002746582
111.9975390625	13.3465994149446	100.470001220703
111.8539765625	13.3597999811172	100.569999694824
111.67325	13.3732007816434	100.669998168945
111.5318828125	13.3865997195244	100.769996643066
111.389765625	13.399999588728	100.870002746582
111.2352734375	13.4133994579315	100.970001220703
111.0393203125	13.4266000241041	101.069999694824
111.0302109375	13.4399998933077	101.169998168945
110.7845625	13.4530002251267	101.269996643066
110.6493984375	13.4666003286839	101.370002746582
110.488796875	13.4799992665648	101.470001220703
110.2861640625	13.493400067091	101.569999694824
110.128796875	13.5066006332636	101.669998168945
109.943328125	13.5200005024672	101.769996643066
109.7978203125	13.5333994403481	101.870002746582
109.628703125	13.5463997721672	101.970001220703
109.4468984375	13.5598005726933	102.069999694824
109.29246875	13.5733997449279	102.169998168945
109.187953125	13.5867996141315	102.269996643066
109.0049375	13.600199483335	102.370002746582
108.8077734375	13.6134000495076	102.470001220703
108.64321875	13.6267999187112	102.569999694824
108.4727890625	13.6400004848838	102.669998168945
108.3364609375	13.6534003540874	102.769996643066
108.2127265625	13.6665999889374	102.870002746582
108.0744609375	13.6801991611719	102.970001220703
107.962453125	13.6934006586671	103.069999694824
107.8243125	13.7066002935171	103.169998168945
107.63678125	13.7201994657516	103.269996643066
107.44075	13.7331997975707	103.370002746582
107.2161171875	13.7466005980968	103.470001220703
107.0418515625	13.7600004673004	103.569999694824
106.858453125	13.773599639535	103.669998168945
106.7746015625	13.7868002057076	103.769996643066
106.6236484375	13.7999998405576	103.870002746582
106.498109375	13.8134006410837	103.970001220703
106.450890625	13.8268005102873	104.069999694824
106.2600390625	13.8397999107838	104.169998168945
106.1546484375	13.8534000143409	104.269996643066
106.0599296875	13.8667998835444	104.370002746582
105.979546875	13.880000449717	104.470001220703
105.8338203125	13.8934003189206	104.569999694824
105.768078125	13.9068001881242	104.669998168945
105.6116875	13.9202000573277	104.769996643066
105.5206171875	13.9333996921778	104.870002746582
105.3923125	13.9466002583504	104.970001220703
105.259078125	13.9602003619075	105.069999694824
105.151765625	13.9733999967575	105.169998168945
105.0693359375	13.9865996316075	105.269996643066
104.97334375	14.0002006664872	105.370002746582
104.86584375	14.0134003013372	105.470001220703
104.7574609375	14.0265999361873	105.569999694824
104.6977421875	14.0399998053908	105.669998168945
104.5969140625	14.0533996745944	105.769996643066
104.48821875	14.066600240767	105.870002746582
104.428546875	14.0800001099706	105.970001220703
104.3338359375	14.0933999791741	106.069999694824
104.16815625	14.1067998483777	106.169998168945
104.1685546875	14.1199994832277	106.269996643066
104.08203125	14.1334002837539	106.370002746582
103.9828203125	14.1468001529574	106.470001220703
103.912046875	14.1597995534539	106.569999694824
103.806609375	14.173399657011	106.669998168945
103.7432265625	14.1865992918611	106.769996643066
103.6639609375	14.2000000923872	106.870002746582
103.57653125	14.2133999615908	106.970001220703
103.5105703125	14.2265995964408	107.069999694824
103.402359375	14.2401996999979	107.169998168945
103.324234375	14.253200031817	107.269996643066
103.245640625	14.2665999010205	107.370002746582
103.119796875	14.2799997702241	107.470001220703
103.1098984375	14.2931994050741	107.569999694824
103.029671875	14.3065992742777	107.669998168945
102.907078125	14.3200000748038	107.769996643066
102.847203125	14.3333999440074	107.870002746582
102.795578125	14.3465995788574	107.970001220703
102.674265625	14.359999448061	108.069999694824
102.623578125	14.3732000142336	108.169998168945
