Ruta de archivo: C:\Users\ADVANTECH\Desktop\VALERIA MADERA\Ensayo en marcha 1 04-09-2025 09 19 25 a.m.\DAQ-Carga, … - (Temporizado).txt   
Ensayo: MTS STH Resistencia a la Compresión (ajuste de platinas) 683
Ensayo en marcha: Ensayo en marcha 1
Fecha: 04/09/2025 09:16:25 a.m.


Carga 	Actuador 	Tiempo 
kN	mm	seg
0.018108829498291	0.00480000016978011	0.430000007152557
0.0419312477111816	0.0129999998534913	0.529999971389771
0.0466516876220703	0.0214000010601012	0.629999995231628
0.10635034942627	0.0295999998343177	0.730000019073486
0.14113623046875	0.0379999983124435	0.829999983310699
0.173370147705078	0.0464000004285481	0.930000007152557
0.190356307983398	0.0547999989066739	1.02999997138977
0.22375895690918	0.0629999994998798	1.12999999523163
0.234506820678711	0.0711999964551069	1.23000001907349
0.240898330688477	0.0796000022091903	1.33000004291534
0.268909545898438	0.0882000022102147	1.42999994754791
0.281081939697266	0.0963999991654418	1.52999997138977
0.309894989013672	0.104599996120669	1.62999999523163
0.318635192871094	0.112999994598795	1.73000001907349
0.335035217285156	0.121400000352878	1.83000004291534
0.332805816650391	0.129399995785207	1.92999994754791
0.366046051025391	0.138000003062189	2.02999997138977
0.386896148681641	0.146400008816272	2.13000011444092
0.381557891845703	0.154599998495542	2.23000001907349
0.402459136962891	0.163000004249625	2.32999992370605
0.423358093261719	0.17120000848081	2.4300000667572
0.432841827392578	0.179599999682978	2.52999997138977
0.442306274414063	0.187999990885146	2.63000011444092
0.447024505615234	0.196399996639229	2.73000001907349
0.467732940673828	0.204799987841398	2.82999992370605
0.500162506103516	0.213000006624497	2.9300000667572
0.494527099609375	0.221200010855682	3.02999997138977
0.507302154541016	0.22960000205785	3.13000011444092
0.494686798095703	0.238000007811934	3.23000001907349
0.529408264160156	0.246399984462187	3.32999992370605
0.520264465332031	0.25479999021627	3.4300000667572
0.548832824707031	0.263000023551285	3.52999997138977
0.576467163085937	0.270999997155741	3.63000011444092
0.602144653320313	0.279600004432723	3.73000001907349
0.654047668457031	0.288199982605875	3.82999992370605
0.679778991699219	0.296200014417991	3.9300000667572
0.722040405273437	0.304599991068244	4.03000020980835
0.766799438476563	0.312999996822327	4.13000011444092
0.775312866210938	0.321200001053512	4.23000001907349
0.783082092285156	0.329800008330494	4.32999992370605
0.838298461914063	0.338000012561679	4.42999982833862
0.876998291015625	0.346399989211932	4.53000020980835
0.920458435058594	0.354799994966015	4.63000011444092
0.986535522460938	0.3629999991972	4.73000001907349
1.00940490722656	0.371200003428385	4.82999992370605
1.079794921875	0.379799981601536	4.92999982833862
1.12164086914062	0.388000014936551	5.03000020980835
1.16714489746094	0.396399991586804	5.13000011444092
1.2308203125	0.404599995817989	5.23000001907349
1.26818469238281	0.413000001572073	5.32999992370605
1.33049694824219	0.421000004280359	5.42999982833862
1.4024765625	0.429800013080239	5.53000020980835
1.44821875	0.437999988207594	5.63000011444092
1.47487219238281	0.446399993961677	5.73000001907349
1.46790539550781	0.454399996669963	5.82999992370605
1.47985205078125	0.462800002424046	5.92999982833862
1.51618225097656	0.471199979074299	6.03000020980835
1.51663195800781	0.479600013932213	6.13000011444092
1.50498706054687	0.488000019686297	6.23000001907349
1.54512158203125	0.49639999633655	6.32999992370605
1.5553203125	0.504600000567734	6.42999982833862
1.57111694335938	0.512800004798919	6.53000020980835
1.57066271972656	0.521200010553002	6.63000011444092
1.57033386230469	0.529800017829984	6.73000001907349
1.59182543945313	0.537999963853508	6.82999992370605
1.59891809082031	0.546400027815253	6.92999982833862
1.63711328125	0.554599973838776	7.03000020980835
1.63601281738281	0.563000037800521	7.13000011444092
1.68021704101562	0.571200042031705	7.23000001907349
1.713333984375	0.579799991101027	7.32999992370605
1.7546201171875	0.587999995332211	7.42999982833862
1.80720837402344	0.596199999563396	7.53000020980835
1.86581628417969	0.604600005317479	7.63000011444092
1.93882543945313	0.612999952863902	7.73000001907349
2.01006652832031	0.621400016825646	7.82999992370605
2.07163696289062	0.62959996284917	7.92999982833862
2.14110498046875	0.638000026810914	8.02999973297119
2.20648120117187	0.646399974357337	8.13000011444092
2.25380639648438	0.654600036796182	8.22999954223633
2.3381767578125	0.663200044073164	8.32999992370605
2.3686416015625	0.671399990096688	8.43000030517578
2.38628442382812	0.679599994327873	8.52999973297119
2.39538525390625	0.687799998559058	8.63000011444092
2.40749267578125	0.69640000583604	8.72999954223633
2.4264541015625	0.704800011590123	8.82999992370605
2.43051196289063	0.712800014298409	8.93000030517578
2.45294970703125	0.721400021575391	9.02999973297119
2.46025756835938	0.729600025806576	9.13000011444092
2.46173559570313	0.738200033083558	9.22999954223633
2.499271484375	0.746399979107082	9.32999992370605
2.548759765625	0.754800043068826	9.43000030517578
2.5669140625	0.76299998909235	9.52999973297119
2.63203784179687	0.771399994846433	9.63000011444092
2.69996948242188	0.779599999077618	9.72999954223633
2.8361474609375	0.788000004831702	9.82999992370605
2.944068359375	0.796400010585785	9.93000030517578
3.04089135742187	0.80460001481697	10.0299997329712
3.11235205078125	0.813000020571053	10.1300001144409
3.18941357421875	0.821399968117476	10.2299995422363
3.26419702148437	0.82959997234866	10.3299999237061
3.30864672851563	0.838199979625642	10.4300003051758
3.40046850585937	0.846199982333928	10.5299997329712
3.45282934570313	0.85479998961091	10.6300001144409
3.56901831054688	0.862999993842095	10.7299995422363
3.61650463867187	0.871399999596179	10.8299999237061
3.703408203125	0.879600003827363	10.9300003051758
3.7625078125	0.888000009581447	11.0299997329712
3.84157763671875	0.896200013812631	11.1300001144409
3.88893334960937	0.904600019566715	11.2299995422363
3.9342841796875	0.912999967113137	11.3299999237061
3.90176098632813	0.921400031074882	11.4300003051758
3.92646826171875	0.929599977098405	11.5299997329712
3.98792114257812	0.93779998132959	11.6300001144409
4.0289033203125	0.946199987083673	11.7299995422363
4.0490146484375	0.954599992837757	11.8299999237061
4.08021337890625	0.96299999859184	11.9300003051758
4.11952783203125	0.971200002823025	12.0299997329712
4.135283203125	0.979600008577108	12.1300001144409
4.16939892578125	0.987799954600632	12.2299995422363
4.1500634765625	0.996400020085275	12.3299999237061
4.16767626953125	1.00460008252412	12.4300003051758
4.18788330078125	1.01300003007054	12.5299997329712
4.2151484375	1.02119997609407	12.6300001144409
4.32093701171875	1.02980004157871	12.7299995422363
4.4734775390625	1.03779998607934	12.8299999237061
4.5871669921875	1.04639993514866	12.9300003051758
4.7133154296875	1.0543999960646	13.0299997329712
4.79647607421875	1.06299994513392	13.1300001144409
4.89204296875	1.07120000757277	13.2299995422363
4.999541015625	1.07979995664209	13.3299999237061
5.0915302734375	1.08800001908094	13.4300003051758
5.18785400390625	1.09619996510446	13.5299997329712
5.25841845703125	1.10459991265088	13.6300001144409
5.32799609375	1.11300009302795	13.7299995422363
5.35829638671875	1.12119992263615	13.8299999237061
5.3697607421875	1.12960010301322	13.9300003051758
5.31114111328125	1.13779993262142	14.0299997329712
5.326037109375	1.14619999658316	14.1300001144409
5.349880859375	1.15480006206781	14.2299995422363
5.35421826171875	1.16320000961423	14.3299999237061
5.38713916015625	1.17120007053018	14.4300003051758
5.3904912109375	1.1796000180766	14.5299997329712
5.39761376953125	1.18799996562302	14.6300001144409
5.43652099609375	1.19620002806187	14.7299995422363
5.46172900390625	1.20479997713119	14.8299999237061
5.5051669921875	1.21300003957003	14.9300003051758
5.5353056640625	1.22119998559356	15.0299997329712
5.624326171875	1.22959993313998	15.1300001144409
5.718607421875	1.23799999710172	15.2299995422363
5.843509765625	1.24619994312525	15.3299999237061
5.97854345703125	1.25460000708699	15.4300003051758
6.109826171875	1.26299995463341	15.5299997329712
6.24732861328125	1.27140001859516	15.6300001144409
6.382404296875	1.279600081034	15.7299995422363
6.5075439453125	1.28800002858043	15.8299999237061
6.614626953125	1.29620009101927	15.9300003051758
6.73208251953125	1.30480004008859	16.0300006866455
6.8464521484375	1.31299998611212	16.1299991607666
6.95534619140625	1.32120004855096	16.2299995422363
7.064693359375	1.32939999457449	16.3299999237061
7.18675439453125	1.33800006005913	16.4300003051758
7.30535888671875	1.34640000760555	16.5300006866455
7.4150576171875	1.35459995362908	16.6299991607666
7.54332373046875	1.36300001759082	16.7299995422363
7.6735478515625	1.37119996361434	16.8299999237061
7.802302734375	1.37960002757609	16.9300003051758
7.91098876953125	1.38779997359961	17.0300006866455
8.04314306640625	1.39619992114604	17.1299991607666
8.16162939453125	1.40459998510778	17.2299995422363
8.3087119140625	1.4129999326542	17.3299999237061
8.4073974609375	1.42119999509305	17.4300003051758
8.541619140625	1.42959994263947	17.5300006866455
8.6808427734375	1.43800000660121	17.6299991607666
8.8076943359375	1.44640007056296	17.7299995422363
8.938798828125	1.45460001658648	17.8299999237061
9.10148046875	1.46300008054823	17.9300003051758
9.2172109375	1.47120002657175	18.0300006866455
9.36203125	1.47979997564107	18.1299991607666
9.5199326171875	1.48800003807992	18.2299995422363
9.6838193359375	1.49619998410344	18.3299999237061
9.855744140625	1.50460004806519	18.4300003051758
10.0253037109375	1.51279999408871	18.5300006866455
10.219310546875	1.52100005652755	18.6299991607666
10.4030107421875	1.52960000559688	18.7299995422363
10.5771259765625	1.5377999516204	18.8299999237061
10.75009765625	1.54660001862794	18.9300003051758
10.9539033203125	1.55459996312857	19.0300006866455
11.1304453125	1.56280002556741	19.1299991607666
11.3148408203125	1.57119997311383	19.2299995422363
11.5187080078125	1.57959992066026	19.3299999237061
11.6879140625	1.58800010103732	19.4300003051758
11.89440234375	1.59620004706085	19.5300006866455
12.0970439453125	1.60459999460727	19.6299991607666
12.308384765625	1.61300005856901	19.7299995422363
12.49387890625	1.62100000306964	19.8299999237061
12.7104208984375	1.62960006855428	19.9300003051758
12.9416572265625	1.63780001457781	20.0300006866455
13.1315146484375	1.64619996212423	20.1299991607666
13.36277734375	1.65440002456307	20.2299995422363
13.5842802734375	1.6627999721095	20.3299999237061
13.8162890625	1.67139992117882	20.4300003051758
14.0398037109375	1.67939998209476	20.5300006866455
14.2794775390625	1.68780004605651	20.6299991607666
14.503474609375	1.69619999360293	20.7299995422363
14.7298916015625	1.70439993962646	20.8299999237061
14.9778134765625	1.7130000051111	20.9300003051758
15.22170703125	1.72119995113462	21.0300006866455
15.4674013671875	1.72959989868104	21.1299991607666
15.7059658203125	1.73800007905811	21.2299995422363
15.973853515625	1.74640002660453	21.3299999237061
16.2142158203125	1.75460008904338	21.4300003051758
16.446765625	1.7628000350669	21.5300006866455
16.70853515625	1.77119998261333	21.6299991607666
16.979666015625	1.77940004505217	21.7299995422363
17.253	1.78779999259859	21.8299999237061
17.509251953125	1.79620005656034	21.9300003051758
17.775486328125	1.80440000258386	22.0300006866455
18.060634765625	1.81280006654561	22.1299991607666
18.327294921875	1.82100001256913	22.2299995422363
18.597150390625	1.82959996163845	22.3299999237061
18.88330078125	1.8378000240773	22.4300003051758
19.15613671875	1.84599997010082	22.5300006866455
19.451998046875	1.85440003406256	22.6299991607666
19.754123046875	1.86279998160899	22.7299995422363
20.04700390625	1.87119992915541	22.8299999237061
20.321544921875	1.87939999159425	22.9300003051758
20.622322265625	1.88759993761778	23.0300006866455
20.938673828125	1.8961998866871	23.1299991607666
21.25865625	1.90419994760305	23.2299995422363
21.550955078125	1.91279989667237	23.3299999237061
21.86583203125	1.92120007704943	23.4300003051758
22.17475	1.92940002307296	23.5300006866455
22.48209765625	1.9378000870347	23.6299991607666
22.7906953125	1.94600003305823	23.7299995422363
23.120732421875	1.95439998060465	23.8299999237061
23.4296796875	1.96280004456639	23.9300003051758
23.74741796875	1.97099987417459	24.0300006866455
24.088919921875	1.97959993965924	24.1299991607666
24.412283203125	1.98780000209808	24.2299995422363
24.719216796875	1.99600006453693	24.3299999237061
25.06359375	2.00440012849867	24.4300003051758
25.38788671875	2.01279995962977	24.5300006866455
25.7246328125	2.02120002359152	24.6299991607666
26.044484375	2.02940008603036	24.7299995422363
26.38787109375	2.03739991411567	24.8299999237061
26.750830078125	2.04619998112321	24.9300003051758
27.084244140625	2.05460004508495	25.0300006866455
27.430978515625	2.06279987469316	25.1299991607666
27.78125390625	2.0713999401778	25.2299995422363
28.11159375	2.07940000109375	25.3299999237061
28.47707421875	2.08760006353259	25.4300003051758
28.843966796875	2.09599989466369	25.5300006866455
29.189931640625	2.10439995862544	25.6299991607666
29.556466796875	2.11279978975654	25.7299995422363
29.890818359375	2.12100008502603	25.8299999237061
30.2766640625	2.12939991615713	25.9300003051758
30.629560546875	2.13779998011887	26.0300006866455
30.9839453125	2.14599980972707	26.1299991607666
31.380234375	2.15440010651946	26.2299995422363
31.746439453125	2.1628001704812	26.3299999237061
32.11492578125	2.17120000161231	26.4300003051758
32.5092109375	2.17940006405115	26.5300006866455
32.87828125	2.18779989518225	26.6299991607666
33.288140625	2.19639996066689	26.7299995422363
33.65833984375	2.20460002310574	26.8299999237061
34.04930859375	2.21280008554459	26.9300003051758
34.44782421875	2.22119991667569	27.0300006866455
34.8288359375	2.22939997911453	27.1299991607666
35.24023046875	2.23799981176853	27.2299995422363
35.65286328125	2.24640010856092	27.3299999237061
36.02919921875	2.25439993664622	27.4300003051758
36.42073828125	2.26280000060797	27.5300006866455
36.83508984375	2.27099983021617	27.6299991607666
37.23020703125	2.27940012700856	27.7299995422363
37.65393359375	2.2880001924932	27.8299999237061
38.060703125	2.2960000205785	27.9300003051758
38.46239453125	2.3043998517096	28.0300006866455
38.90205078125	2.31279991567135	28.1299991607666
39.29519921875	2.32119997963309	28.2299995422363
39.72286328125	2.32940004207194	28.3299999237061
40.12898046875	2.33800010755658	28.4300003051758
40.54960546875	2.34619993716478	28.5300006866455
40.9768046875	2.35460000112653	28.6299991607666
41.38764453125	2.36279983073473	28.7299995422363
41.8125390625	2.37100012600422	28.8299999237061
42.24205078125	2.37939995713532	28.9300003051758
42.67164453125	2.38760001957417	29.0300006866455
43.119015625	2.39619985222816	29.1299991607666
43.54225390625	2.40440014749765	29.2299995422363
43.97463671875	2.41279997862875	29.3299999237061
44.42258203125	2.4212000425905	29.4300003051758
44.81912109375	2.4291998706758	29.5300006866455
45.2928984375	2.43759993463755	29.6299991607666
45.74801171875	2.44599999859929	29.7299995422363
46.19946484375	2.45440006256104	29.8299999237061
46.65440234375	2.46280012652278	29.9300003051758
47.109234375	2.47099995613098	30.0300006866455
47.56409375	2.47940002009273	30.1299991607666
48.03585546875	2.48779985122383	30.2299995422363
48.4775625	2.49620014801621	30.3299999237061
48.9377421875	2.50439997762442	30.4300003051758
49.4117734375	2.51280004158616	30.5300006866455
49.90090234375	2.52099987119436	30.6299991607666
50.3511640625	2.52940016798675	30.7299995422363
50.8276484375	2.53779999911785	30.8299999237061
51.286609375	2.5460000615567	30.9300003051758
51.76130859375	2.5543998926878	31.0300006866455
52.241296875	2.56259995512664	31.1299991607666
52.70396484375	2.57100001908839	31.2299995422363
53.20252734375	2.57940008305013	31.3299999237061
53.6911796875	2.58759991265833	31.4300003051758
54.1677734375	2.59599997662008	31.5300006866455
54.649015625	2.60439980775118	31.6299991607666
55.121609375	2.61260010302067	31.7299995422363
55.6263828125	2.62100016698241	31.8299999237061
56.12396484375	2.62939999811351	31.9300003051758
56.589546875	2.63780006207526	32.0299987792969
57.08269140625	2.64619989320636	32.1300010681152
57.57352734375	2.65440018847585	32.2299995422363
58.07291796875	2.66280001960695	32.3300018310547
58.56359765625	2.67100008204579	32.4300003051758
59.064015625	2.67939991317689	32.5299987792969
59.55970703125	2.68759997561574	32.6300010681152
60.08088671875	2.69600003957748	32.7299995422363
60.5935859375	2.70440010353923	32.8300018310547
61.101609375	2.71259993314743	32.9300003051758
61.60834765625	2.72099999710917	33.0299987792969
62.12834765625	2.72919982671738	33.1300010681152
62.62388671875	2.73760012350976	33.2299995422363
63.13973828125	2.74599995464087	33.3300018310547
63.63187109375	2.75440001860261	33.4300003051758
64.15960546875	2.76259984821081	33.5299987792969
64.6633828125	2.77099991217256	33.6300010681152
65.185859375	2.77940020896494	33.7299995422363
65.6701875	2.78780004009604	33.8300018310547
66.195953125	2.79620010405779	33.9300003051758
66.7021328125	2.80439993366599	34.0299987792969
67.2250078125	2.81279999762774	34.1300010681152
67.7158359375	2.82100006006658	34.2299995422363
68.2215859375	2.82960012555122	34.3300018310547
68.732265625	2.83779995515943	34.4300003051758
69.206875	2.84620001912117	34.5299987792969
69.72525	2.85459985025227	34.6300010681152
70.2339375	2.86260014399886	34.7299995422363
70.7171640625	2.8714002110064	34.8300018310547
71.209546875	2.8796000406146	34.9300003051758
71.692453125	2.88800010457635	35.0299987792969
72.15359375	2.89619993418455	35.1300010681152
72.6206953125	2.9043999966234	35.2299995422363
73.0939765625	2.91280006058514	35.3300018310547
73.550234375	2.92120012454689	35.4300003051758
74.0262734375	2.92979995720088	35.5299987792969
74.4533671875	2.93800001963973	35.6300010681152
74.937765625	2.94659985229373	35.7299995422363
75.3504765625	2.95460014604032	35.8300018310547
75.7881328125	2.96299997717142	35.9300003051758
76.2606328125	2.97140004113317	36.0299987792969
76.6826171875	2.97979987226427	36.1300010681152
77.1033671875	2.98799993470311	36.2299995422363
77.5248515625	2.9964002314955	36.3300018310547
77.9670546875	3.0048000626266	36.4300003051758
78.3820625	3.01300012506545	36.5299987792969
78.8311171875	3.02159995771945	36.6300010681152
79.266796875	3.03000002168119	36.7299995422363
79.70809375	3.03819985128939	36.8300018310547
80.1476640625	3.04660014808178	36.9300003051758
80.5884453125	3.05479997768998	37.0299987792969
81.0580078125	3.06320004165173	37.1300010681152
81.5343359375	3.07139987125993	37.2299995422363
82.03259375	3.07940016500652	37.3300018310547
82.5820625	3.08799999766052	37.4300003051758
83.09328125	3.09600005857646	37.5299987792969
83.6647265625	3.10439988970757	37.6300010681152
84.219078125	3.11279995366931	37.7299995422363
84.779734375	3.12120001763105	37.8300018310547
85.3704921875	3.1294000800699	37.9300003051758
85.9454453125	3.1375999096781	38.0299987792969
86.52275	3.14599997363985	38.1300010681152
87.12775	3.15440003760159	38.2299995422363
87.7220625	3.16260010004044	38.3300018310547
88.3094609375	3.17079992964864	38.4300003051758
88.9065234375	3.17919999361038	38.5299987792969
89.49628125	3.18740005604923	38.6300010681152
90.097109375	3.19600012153387	38.7299995422363
90.6769140625	3.20419995114207	38.8300018310547
91.28496875	3.21260001510382	38.9300003051758
91.885640625	3.22099984623492	39.0299987792969
92.464484375	3.22919990867376	39.1300010681152
93.044921875	3.23759997263551	39.2299995422363
93.6488828125	3.24580003507435	39.3300018310547
94.2508203125	3.254400100559	39.4300003051758
94.8196953125	3.2625999301672	39.5299987792969
95.3894921875	3.27099999412894	39.6300010681152
95.9883671875	3.27920005656779	39.7299995422363
96.5751171875	3.28740011900663	39.8300018310547
97.224546875	3.29579995013773	39.9300003051758
97.79578125	3.30400001257658	40.0299987792969
98.365453125	3.31240007653832	40.1300010681152
98.97528125	3.32080014050007	40.2299995422363
99.539296875	3.32919997163117	40.3300018310547
100.144	3.33740003407001	40.4300003051758
100.7153984375	3.34579986520112	40.5299987792969
101.3545546875	3.35419992916286	40.6300010681152
101.9260078125	3.36239999160171	40.7299995422363
102.505546875	3.37100005708635	40.8300018310547
103.1101484375	3.37919988669455	40.9300003051758
103.6802421875	3.38759995065629	41.0299987792969
104.274078125	3.39600001461804	41.1300010681152
104.8674609375	3.40420007705688	41.2299995422363
105.4387890625	3.41260014101863	41.3300018310547
106.032015625	3.42059996910393	41.4300003051758
106.60859375	3.42899980023503	41.5299987792969
107.202359375	3.43740009702742	41.6300010681152
107.7668828125	3.44580016098917	41.7299995422363
108.370734375	3.45399999059737	41.8300018310547
108.9457734375	3.46240005455911	41.9300003051758
109.5213515625	3.47079988569021	42.0299987792969
110.0905234375	3.4790001809597	42.1300010681152
110.6744375	3.4874000120908	42.2299995422363
111.241015625	3.49580007605255	42.3300018310547
111.8322734375	3.50419990718365	42.4300003051758
112.37925	3.51239996962249	42.5299987792969
112.9599453125	3.52080003358424	42.6300010681152
113.547078125	3.52920009754598	42.7299995422363
114.088265625	3.53739992715418	42.8300018310547
114.6801640625	3.54579999111593	42.9300003051758
115.2490078125	3.55399982072413	43.0299987792969
115.8136015625	3.56240011751652	43.1300010681152
116.3750390625	3.57059994712472	43.2299995422363
116.9588671875	3.57880000956357	43.3300018310547
117.5339140625	3.58740007504821	43.4300003051758
118.0730234375	3.59579990617931	43.5299987792969
118.6390859375	3.6040002014488	43.6300010681152
119.215484375	3.6124000325799	43.7299995422363
119.7632734375	3.62060009501874	43.8300018310547
120.32390625	3.62899992614985	43.9300003051758
120.870375	3.63739999011159	44.0299987792969
121.45515625	3.64580005407333	44.1300010681152
122.0045546875	3.65420011803508	44.2299995422363
122.5417578125	3.66239994764328	44.3300018310547
123.0665390625	3.67060001008213	44.4300003051758
123.649796875	3.67919984273612	44.5299987792969
124.2113359375	3.68740013800561	44.6300010681152
124.75146875	3.69559996761382	44.7299995422363
125.3278359375	3.70420003309846	44.8300018310547
125.8711796875	3.71219986118376	44.9300003051758
126.384484375	3.72040015645325	45.0299987792969
126.9744375	3.72899998910725	45.1300010681152
127.5075703125	3.737400053069	45.2299995422363
128.0540078125	3.74580011703074	45.3300018310547
128.5796328125	3.75399994663894	45.4300003051758
129.130234375	3.76220000907779	45.5299987792969
129.670484375	3.77060007303953	45.6300010681152
130.1806875	3.77900013700128	45.7299995422363
130.744046875	3.78739996813238	45.8300018310547
131.270796875	3.79560003057122	45.9300003051758
131.81421875	3.80380009301007	46.0299987792969
132.311796875	3.81220015697181	46.1300010681152
132.86303125	3.82039998658001	46.2299995422363
133.40775	3.82900005206466	46.3300018310547
133.911984375	3.83699988014996	46.4300003051758
134.439359375	3.84540017694235	46.5299987792969
134.97653125	3.85380000807345	46.6300010681152
135.490203125	3.86200007051229	46.7299995422363
136.020765625	3.8703999016434	46.8300018310547
136.54159375	3.87879996560514	46.9300003051758
137.050640625	3.88720002956688	47.0299987792969
137.581421875	3.89540009200573	47.1300010681152
138.11596875	3.90379992313683	47.2299995422363
138.626671875	3.91219975426793	47.3300018310547
139.1035625	3.92040004953742	47.4300003051758
139.61540625	3.92859987914562	47.5299987792969
140.1096875	3.93720017746091	47.6300010681152
140.5911875	3.94560024142265	47.7299995422363
141.115203125	3.95380007103086	47.8300018310547
141.602328125	3.96199990063906	47.9300003051758
142.080578125	3.9703999646008	48.0299987792969
142.567359375	3.978599794209	48.1300010681152
143.060921875	3.98699985817075	48.2299995422363
143.567265625	3.99539992213249	48.3300018310547
144.03403125	4.00360021740198	48.4300003051758
144.53875	4.01200028136373	48.5299987792969
145.0298125	4.02019964531064	48.6300010681152
145.510171875	4.02860017493367	48.7299995422363
146.011921875	4.03720000758767	48.8300018310547
146.482484375	4.04540030285716	48.9300003051758
146.965765625	4.05379990115762	49.0299987792969
147.43828125	4.06179996207356	49.1300010681152
147.919296875	4.07020002603531	49.2299995422363
148.39375	4.0784003213048	49.3300018310547
148.878859375	4.08699968829751	49.4300003051758
149.32859375	4.09499974921346	49.5299987792969
149.812703125	4.10340027883649	49.6300010681152
150.27921875	4.11180034279823	49.7299995422363
150.757953125	4.12019994109869	49.8300018310547
151.22184375	4.12860000506043	49.9300003051758
151.690734375	4.13700006902218	50.0299987792969
152.151671875	4.14519989863038	50.1300010681152
152.622265625	4.15360042825341	50.2299995422363
153.089046875	4.16200002655387	50.3300018310547
153.5358125	4.17040009051561	50.4300003051758
153.98565625	4.17880015447736	50.5299987792969
154.432140625	4.18699998408556	50.6300010681152
154.871328125	4.19519981369376	50.7299995422363
155.335765625	4.20359987765551	50.8300018310547
155.795375	4.21199994161725	50.9300003051758
156.219	4.22020023688674	51.0299987792969
156.65896875	4.2285998351872	51.1300010681152
157.115671875	4.23699989914894	51.2299995422363
157.54909375	4.24520019441843	51.3300018310547
157.990734375	4.25360025838017	51.4300003051758
158.40665625	4.26199985668063	51.5299987792969
158.867234375	4.27019968628883	51.6300010681152
159.303796875	4.27860021591187	51.7299995422363
159.71703125	4.28680004552007	51.8300018310547
160.130109375	4.29519964382052	51.9300003051758
160.59059375	4.30359970778227	52.0299987792969
161.027375	4.31199977174401	52.1300010681152
161.4339375	4.32040030136704	52.2299995422363
161.879	4.32880036532879	52.3300018310547
162.27615625	4.3369997292757	52.4300003051758
162.72134375	4.34539979323745	52.5299987792969
163.1354375	4.35360008850694	52.6300010681152
163.54709375	4.36200015246868	52.7299995422363
163.96634375	4.37019998207688	52.8300018310547
164.352125	4.37860004603863	52.9300003051758
164.7695625	4.38679987564683	53.0299987792969
165.216875	4.39519993960857	53.1300010681152
165.60609375	4.40339976921678	53.2299995422363
166.0246875	4.41200006753206	53.3300018310547
166.416625	4.42019989714026	53.4300003051758
166.787578125	4.42859996110201	53.5299987792969
167.184421875	4.43679979071021	53.6300010681152
167.58440625	4.44519985467196	53.7299995422363
167.976234375	4.4535999186337	53.8300018310547
168.343046875	4.46199998259544	53.9300003051758
168.74271875	4.47040004655719	54.0299987792969
169.128640625	4.47859987616539	54.1300010681152
169.50346875	4.48699994012713	54.2299995422363
169.885171875	4.49540000408888	54.3300018310547
170.267203125	4.50380006805062	54.4300003051758
170.62996875	4.51199989765882	54.5299987792969
170.982421875	4.52019972726703	54.6300010681152
171.357796875	4.52880002558231	54.7299995422363
171.73103125	4.53720008954406	54.8300018310547
172.134046875	4.54519968479872	54.9300003051758
172.477453125	4.55359974876046	55.0299987792969
172.8316875	4.56199981272221	55.1300010681152
173.194859375	4.57040034234524	55.2299995422363
173.54834375	4.57859970629215	55.3300018310547
173.887453125	4.5869997702539	55.4300003051758
174.24515625	4.59520006552339	55.5299987792969
174.59515625	4.60360012948513	55.6300010681152
174.93215625	4.61200019344687	55.7299995422363
175.27153125	4.62020002305508	55.8300018310547
175.626125	4.62860008701682	55.9300003051758
175.95440625	4.63700015097857	56.0299987792969
176.2895	4.64540021494031	56.1300010681152
176.616296875	4.65360004454851	56.2299995422363
176.9421875	4.66200010851026	56.3300018310547
177.2835	4.670400172472	56.4300003051758
177.59778125	4.6786000020802	56.5299987792969
177.952921875	4.68699960038066	56.6300010681152
178.270953125	4.69519989565015	56.7299995422363
178.588390625	4.70380019396544	56.8300018310547
178.912578125	4.71200002357364	56.9300003051758
179.23478125	4.72019985318184	57.0299987792969
179.548890625	4.72840014845133	57.1300010681152
179.841796875	4.73680021241307	57.2299995422363
180.1511875	4.74520027637482	57.3300018310547
180.453703125	4.75360034033656	57.4300003051758
180.759625	4.76199993863702	57.5299987792969
181.057359375	4.77019976824522	57.6300010681152
181.335	4.77860029786825	57.7299995422363
181.643203125	4.78700036183	57.8300018310547
181.941578125	4.79539996013045	57.9300003051758
182.223984375	4.80359978973866	58.0299987792969
182.5016875	4.81180008500814	58.1300010681152
182.77825	4.82040038332343	58.2299995422363
183.074046875	4.82879998162389	58.3300018310547
183.334171875	4.83699981123209	58.4300003051758
183.62371875	4.84520010650158	58.5299987792969
183.89675	4.85379993915558	58.6300010681152
184.132578125	4.86199976876378	58.7299995422363
184.405859375	4.87039983272552	58.8300018310547
184.658234375	4.87860012799501	58.9300003051758
184.920921875	4.88719996064901	59.0299987792969
185.156203125	4.8954002559185	59.1300010681152
185.412390625	4.9036000855267	59.2299995422363
185.67896875	4.91200014948845	59.3300018310547
185.9346875	4.92019997909665	59.4300003051758
186.182265625	4.9286000430584	59.5299987792969
186.43734375	4.93699964135885	59.6300010681152
186.67115625	4.94519993662834	59.7299995422363
186.90453125	4.95380023494363	59.8300018310547
187.13803125	4.96220029890537	59.9300003051758
187.346453125	4.97039966285229	60.0299987792969
187.5848125	4.97859995812178	60.1300010681152
187.83128125	4.98680025339127	60.2299995422363
188.055484375	4.99540008604527	60.3300018310547
188.271703125	5.00359991565347	60.4300003051758
188.4624375	5.01179974526167	60.5299987792969
188.69190625	5.02040004357696	60.6300010681152
188.883359375	5.0288001075387	60.7299995422363
189.0933125	5.03700040280819	60.8300018310547
189.30903125	5.0451997667551	60.9300003051758
189.51925	5.05359983071685	61.0299987792969
189.70096875	5.06199989467859	61.1300010681152
189.90796875	5.07020018994808	61.2299995422363
190.077640625	5.07880002260208	61.3300018310547
190.26446875	5.08699985221028	61.4300003051758
190.4436875	5.09539991617203	61.5299987792969
190.625359375	5.10360021144152	61.6300010681152
190.81340625	5.11199980974197	61.7299995422363
191.00565625	5.12039987370372	61.8300018310547
191.16934375	5.12860016897321	61.9300003051758
191.3395625	5.13700023293495	62.0299987792969
191.506828125	5.14519959688187	62.1300010681152
191.684546875	5.15379989519715	62.2299995422363
191.841765625	5.16200019046664	62.3300018310547
192.007609375	5.17040025442839	62.4300003051758
192.190671875	5.1785996183753	62.5299987792969
192.3379375	5.18699968233705	62.6300010681152
192.506625	5.19540021196008	62.7299995422363
192.674140625	5.20340027287602	62.8300018310547
192.849828125	5.21200010553002	62.9300003051758
193.0069375	5.22039970383048	63.0299987792969
193.180375	5.22859999909997	63.1300010681152
193.32990625	5.23700006306171	63.2299995422363
193.456796875	5.2452003583312	63.3300018310547
193.617671875	5.25359995663166	63.4300003051758
193.773890625	5.2620000205934	63.5299987792969
193.886796875	5.27040008455515	63.6300010681152
194.019875	5.27860037982464	63.7299995422363
194.166234375	5.28679974377155	63.8300018310547
194.306796875	5.29540004208684	63.9300003051758
194.4509375	5.30380010604858	64.0299987792969
194.555109375	5.31199993565679	64.129997253418
194.70153125	5.32019976526499	64.2300033569336
194.8249375	5.32859982922673	64.3300018310547
194.956359375	5.33720012754202	64.4300003051758
195.0589375	5.34499995410442	64.5299987792969
195.175265625	5.35360025241971	64.629997253418
195.288609375	5.36199985072017	64.7300033569336
195.385734375	5.37020014598966	64.8300018310547
195.517	5.37879997864366	64.9300003051758
195.612546875	5.38700027391315	65.0299987792969
195.707140625	5.39519963786006	65.129997253418
195.815296875	5.40360016748309	65.2300033569336
195.91409375	5.41200023144484	65.3300018310547
196.01896875	5.42040029540658	65.4300003051758
196.10759375	5.42879989370704	65.5299987792969
196.2059375	5.43719995766878	65.629997253418
196.28084375	5.44540025293827	65.7300033569336
196.35909375	5.45360008254647	65.8300018310547
196.4448125	5.46199968084693	65.9300003051758
196.519578125	5.47019997611642	66.0299987792969
196.5921875	5.47879980877042	66.129997253418
196.662765625	5.48700010403991	66.2300033569336
196.7285625	5.49540016800165	66.3300018310547
196.782578125	5.50359999760985	66.4300003051758
196.844578125	5.5120000615716	66.5299987792969
196.903484375	5.5201998911798	66.629997253418
196.952421875	5.52880018949509	66.7300033569336
196.992453125	5.53679978474975	66.8300018310547
197.063734375	5.54540008306503	66.9300003051758
197.050390625	5.55359991267323	67.0299987792969
197.08803125	5.56199997663498	67.129997253418
197.101546875	5.57019980624318	67.2300033569336
197.134	5.57880010455847	67.3300018310547
197.13678125	5.58699993416667	67.4300003051758
197.158984375	5.59539999812841	67.5299987792969
197.165875	5.60379959642887	67.629997253418
197.17165625	5.61199989169836	67.7300033569336
197.157484375	5.62020018696785	67.8300018310547
197.155640625	5.62880001962185	67.9300003051758
197.154890625	5.63679961487651	68.0299987792969
197.17478125	5.6453999131918	68.129997253418
197.16975	5.65360020846128	68.2300033569336
197.1636875	5.66200027242303	68.3300018310547
197.15821875	5.67040033638477	68.4300003051758
197.18246875	5.67859970033169	68.5299987792969
197.14396875	5.68699976429343	68.629997253418
197.173328125	5.69520005956292	68.7300033569336
197.133171875	5.70360012352467	68.8300018310547
197.1374375	5.71199972182512	68.9300003051758
197.1246875	5.72039978578687	69.0299987792969
197.097765625	5.72860008105636	69.129997253418
197.10775	5.7370001450181	69.2300033569336
197.069703125	5.74539974331856	69.3300018310547
197.05678125	5.7537998072803	69.4300003051758
197.055140625	5.76219987124205	69.5299987792969
197.041296875	5.77019993215799	69.629997253418
197.019921875	5.77880023047328	69.7300033569336
196.99915625	5.78660005703568	69.8300018310547
197.0135	5.79519988968968	69.9300003051758
196.99259375	5.80380018800497	70.0299987792969
196.977765625	5.81200001761317	70.129997253418
196.9656875	5.82040008157492	70.2300033569336
196.968921875	5.82859991118312	70.3300018310547
196.9311875	5.83680020645261	70.4300003051758
196.959609375	5.84520027041435	70.5299987792969
196.963546875	5.85379963740706	70.629997253418
196.94865625	5.86199993267655	70.7300033569336
196.976046875	5.87020022794604	70.8300018310547
196.9508125	5.87860029190779	70.9300003051758
196.9936875	5.88699989020824	71.0299987792969
196.97234375	5.89539995416999	71.129997253418
197.01025	5.90380001813173	71.2300033569336
197.016078125	5.91200031340122	71.3300018310547
197.034359375	5.92060014605522	71.4300003051758
197.04728125	5.92859974130988	71.5299987792969
197.057734375	5.93720003962517	71.629997253418
197.08296875	5.94520010054111	71.7300033569336
197.022484375	5.9538003988564	71.8300018310547
197.015703125	5.96199976280332	71.9300003051758
196.96403125	5.97039982676506	72.0299987792969
196.952765625	5.9787998907268	72.129997253418
196.938671875	5.98700018599629	72.2300033569336
196.92421875	5.99539978429675	72.3300018310547
196.881203125	6.00360007956624	72.4300003051758
196.851546875	6.01200014352798	72.5299987792969
196.83259375	6.02019997313619	72.629997253418
196.788359375	6.02860003709793	72.7300033569336
196.747328125	6.03679986670613	72.8300018310547
196.73109375	6.04540016502142	72.9300003051758
196.684703125	6.05359999462962	73.0299987792969
196.65596875	6.06220029294491	73.129997253418
196.623859375	6.07019988819957	73.2300033569336
196.578046875	6.07880018651485	73.3300018310547
196.51965625	6.0872002504766	73.4300003051758
196.468265625	6.0954000800848	73.5299987792969
196.3978125	6.10340014100075	73.629997253418
196.358828125	6.11199997365475	73.7300033569336
196.323390625	6.12000003457069	73.8300018310547
196.229921875	6.12880010157824	73.9300003051758
196.1718125	6.13699993118644	74.0299987792969
196.109390625	6.14539999514818	74.129997253418
196.003859375	6.15360029041767	74.2300033569336
195.962703125	6.16220012307167	74.3300018310547
195.868046875	6.17039995267987	74.4300003051758
195.797125	6.17859978228807	74.5299987792969
195.699375	6.18699984624982	74.629997253418
195.59834375	6.19540037587285	74.7300033569336
195.497828125	6.20379997417331	74.8300018310547
195.422359375	6.21199980378151	74.9300003051758
195.314765625	6.22039986774325	75.0299987792969
195.22875	6.228799931705	75.129997253418
195.08259375	6.2369997613132	75.2300033569336
194.979359375	6.24560005962849	75.3300018310547
194.885296875	6.25360012054443	75.4300003051758
194.751484375	6.26200018450618	75.5299987792969
194.660625	6.27060001716018	75.629997253418
194.520796875	6.27860007807612	75.7300033569336
194.416171875	6.28719991073012	75.8300018310547
194.27521875	6.29540020599961	75.9300003051758
194.16571875	6.30400003865361	76.0299987792969
194.021640625	6.31199963390827	76.129997253418
193.87953125	6.3204001635313	76.2300033569336
193.738453125	6.32880022749305	76.3300018310547
193.571453125	6.33700005710125	76.4300003051758
193.402890625	6.34560035541654	76.5299987792969
193.239703125	6.35379971936345	76.629997253418
193.064234375	6.3621997833252	76.7300033569336
192.90528125	6.37040007859468	76.8300018310547
192.690140625	6.37880014255643	76.9300003051758
192.51259375	6.38719974085689	77.0299987792969
192.306796875	6.39559980481863	77.129997253418
192.08596875	6.40380010008812	77.2300033569336
191.828625	6.41220016404986	77.3300018310547
191.575828125	6.42059976235032	77.4300003051758
191.27796875	6.42899982631207	77.5299987792969
190.946	6.43739989027381	77.629997253418
190.642296875	6.44579995423555	77.7300033569336
190.29690625	6.4542000181973	77.8300018310547
190.006078125	6.4623998478055	77.9300003051758
189.662171875	6.47060014307499	78.0299987792969
189.301984375	6.47900020703673	78.129997253418
188.901546875	6.48760003969073	78.2300033569336
188.4845	6.49560010060668	78.3300018310547
188.082546875	6.50419993326068	78.4300003051758
187.696125	6.51259999722242	78.5299987792969
187.351140625	6.52100006118417	78.629997253418
186.949203125	6.52919989079237	78.7300033569336
186.549	6.53759995475411	78.8300018310547
186.145015625	6.5458002500236	78.9300003051758
185.76153125	6.55400007963181	79.0299987792969
185.39053125	6.56239967793226	79.129997253418
185.0528125	6.57079974189401	79.2300033569336
184.71703125	6.5790000371635	79.3300018310547
184.427765625	6.58760033547878	79.4300003051758
184.126171875	6.5957996994257	79.5299987792969
183.880671875	6.60399999469519	79.629997253418
183.646578125	6.61259982734919	79.7300033569336
183.38421875	6.62080012261868	79.8300018310547
183.1730625	6.62920018658042	79.9300003051758
182.973953125	6.63759978488088	80.0299987792969
182.7665625	6.64599984884262	80.129997253418
182.6023125	6.65420014411211	80.2300033569336
182.42840625	6.66239997372031	80.3300018310547
182.265203125	6.67080003768206	80.4300003051758
182.07565625	6.6792001016438	80.5299987792969
181.917671875	6.687399931252	80.629997253418
181.774703125	6.69579999521375	80.7300033569336
181.62490625	6.7041995935142	80.8300018310547
181.517640625	6.71260012313724	80.9300003051758
181.388984375	6.72079995274544	81.0299987792969
181.265109375	6.72920001670718	81.129997253418
181.1488125	6.73760008066893	81.2300033569336
181.050640625	6.74579991027713	81.3300018310547
180.94721875	6.75419997423887	81.4300003051758
180.838078125	6.76260003820062	81.5299987792969
180.73384375	6.77080033347011	81.629997253418
180.6488125	6.77919993177056	81.7300033569336
180.509421875	6.78759999573231	81.8300018310547
180.3645625	6.7958002910018	81.9300003051758
179.51578125	6.80459989234805	82.0299987792969
178.67134375	6.81279972195625	82.129997253418
177.99071875	6.821199785918	82.2300033569336
177.36021875	6.82940008118749	82.3300018310547
176.7794375	6.83780014514923	82.4300003051758
176.235171875	6.84599997475743	82.5299987792969
175.61121875	6.85440003871918	82.629997253418
175.104640625	6.86280010268092	82.7300033569336
174.575859375	6.87120016664267	82.8300018310547
174.111359375	6.87960023060441	82.9300003051758
173.6793125	6.88799982890487	83.0299987792969
173.31771875	6.89639989286661	83.129997253418
172.9831875	6.9046001881361	83.2300033569336
172.6546875	6.91260024905205	83.3300018310547
172.3559375	6.92119961604476	83.4300003051758
172.08871875	6.92939991131425	83.5299987792969
171.8215	6.93779997527599	83.629997253418
171.61015625	6.94640027359128	83.7300033569336
171.37628125	6.95459963753819	83.8300018310547
171.174390625	6.96279993280768	83.9300003051758
170.9910625	6.97100022807717	84.0299987792969
170.81296875	6.97960006073117	84.129997253418
170.620671875	6.98779989033937	84.2300033569336
170.465609375	6.99599971994758	84.3300018310547
170.31565625	7.00439978390932	84.4300003051758
170.175046875	7.01300008222461	84.5299987792969
170.0251875	7.0212003774941	84.629997253418
169.8641875	7.02959997579455	84.7300033569336
169.739390625	7.03739980235696	84.8300018310547
169.653453125	7.0461998693645	84.9300003051758
169.511265625	7.05440016463399	85.0299987792969
169.383578125	7.06279976293445	85.129997253418
169.245578125	7.07140006124973	85.2300033569336
169.101921875	7.07940012216568	85.3300018310547
168.984859375	7.08780018612742	85.4300003051758
168.865109375	7.09600001573563	85.5299987792969
168.752796875	7.10459984838963	85.629997253418
168.594671875	7.11259990930557	85.7300033569336
168.489640625	7.12120020762086	85.8300018310547
168.35575	7.12939957156777	85.9300003051758
168.222609375	7.13780010119081	86.0299987792969
168.08725	7.14599993079901	86.129997253418
167.95646875	7.15439999476075	86.2300033569336
167.817859375	7.1628000587225	86.3300018310547
167.661953125	7.17119965702295	86.4300003051758
167.526328125	7.1795997209847	86.5299987792969
167.417171875	7.18780001625419	86.629997253418
167.279125	7.19640031456947	86.7300033569336
167.180234375	7.20439990982413	86.8300018310547
167.05525	7.21279997378588	86.9300003051758
166.9109375	7.22120003774762	87.0299987792969
166.76859375	7.22960010170937	87.129997253418
166.650234375	7.23779993131757	87.2300033569336
166.539984375	7.24619999527931	87.3300018310547
166.36484375	7.25439982488751	87.4300003051758
166.168171875	7.26280035451055	87.5299987792969
165.989890625	7.271199952811	87.629997253418
165.829359375	7.2793997824192	87.7300033569336
165.683328125	7.28779984638095	87.8300018310547
165.5385	7.29600014165044	87.9300003051758
165.3871875	7.3043997399509	88.0299987792969
165.25146875	7.31279980391264	88.129997253418
165.11440625	7.32119986787438	88.2300033569336
164.9996875	7.32940016314387	88.3300018310547
164.901859375	7.33799999579787	88.4300003051758
164.783671875	7.34619982540607	88.5299987792969
164.687703125	7.35459988936782	88.629997253418
164.564109375	7.36299995332956	88.7300033569336
164.051890625	7.37140001729131	88.8300018310547
163.431359375	7.37979961559176	88.9300003051758
162.927875	7.38799991086125	89.0299987792969
162.48271875	7.396399974823	89.129997253418
162.077953125	7.40460027009249	89.2300033569336
161.697140625	7.4127996340394	89.3300018310547
161.355515625	7.42119969800115	89.4300003051758
161.04490625	7.42939999327064	89.5299987792969
160.7698125	7.43800029158592	89.629997253418
160.51809375	7.44640035554767	89.7300033569336
160.27528125	7.45459971949458	89.8300018310547
160.034828125	7.46299978345633	89.9300003051758
159.814921875	7.47120007872581	90.0299987792969
159.59934375	7.4794003739953	90.129997253418
159.39646875	7.48799974098802	90.2300033569336
159.2010625	7.49620003625751	90.3300018310547
158.975828125	7.50460010021925	90.4300003051758
158.778765625	7.51300016418099	90.5299987792969
158.592390625	7.52139976248145	90.629997253418
158.39490625	7.52960005775094	90.7300033569336
158.213890625	7.53800012171268	90.8300018310547
158.025078125	7.54640018567443	90.9300003051758
157.84978125	7.55459954962134	91.0299987792969
157.683609375	7.56300007924438	91.129997253418
157.52834375	7.57140014320612	91.2300033569336
157.395984375	7.57940020412207	91.3300018310547
157.2608125	7.58800003677607	91.4300003051758
157.1190625	7.59600009769201	91.5299987792969
156.979984375	7.60440016165376	91.629997253418
156.86978125	7.61299999430776	91.7300033569336
156.747875	7.62120028957725	91.8300018310547
156.631265625	7.6295998878777	91.9300003051758
156.52078125	7.63780018314719	92.0299987792969
156.426140625	7.64620024710894	92.129997253418
156.354703125	7.65460031107068	92.2300033569336
156.238890625	7.66299990937114	92.3300018310547
156.1355	7.67119973897934	92.4300003051758
156.091296875	7.67959980294108	92.5299987792969
156.030625	7.68780009821057	92.629997253418
156.01296875	7.69619969651103	92.7300033569336
155.984859375	7.70459976047277	92.8300018310547
155.94225	7.71299982443452	92.9300003051758
155.917265625	7.72120011970401	93.0299987792969
155.89409375	7.72960018366575	93.129997253418
155.8783125	7.73799978196621	93.2300033569336
155.8809375	7.74599984288216	93.3300018310547
155.86878125	7.75460014119744	93.4300003051758
155.87259375	7.76280043646693	93.5299987792969
155.847578125	7.77120003476739	93.629997253418
155.8535625	7.77939986437559	93.7300033569336
155.832109375	7.78779992833734	93.8300018310547
155.851328125	7.79619999229908	93.9300003051758
155.8390625	7.80459959059954	94.0299987792969
155.83503125	7.81279988586903	94.129997253418
155.83790625	7.82119948416948	94.2300033569336
155.816578125	7.82960001379251	94.3300018310547
155.84575	7.837800309062	94.4300003051758
155.843203125	7.84619990736246	94.5299987792969
155.868703125	7.85459950566292	94.629997253418
155.9	7.86279980093241	94.7300033569336
155.91590625	7.87120033055544	94.8300018310547
155.9520625	7.8795999288559	94.9300003051758
155.976203125	7.88800045847893	95.0299987792969
156.00334375	7.89619982242584	95.129997253418
156.011296875	7.90419988334179	95.2300033569336
156.06734375	7.91299995034933	95.3300018310547
156.09078125	7.92100001126528	95.4300003051758
156.14965625	7.92959984391928	95.5299987792969
156.1635625	7.93780013918877	95.629997253418
156.203640625	7.94619973748922	95.7300033569336
156.2158125	7.95440003275871	95.8300018310547
156.246015625	7.96279963105917	95.9300003051758
156.293484375	7.9712001606822	96.0299987792969
156.311859375	7.97940045595169	96.129997253418
156.338609375	7.98800028860569	96.2300033569336
156.37675	7.9961996525526	96.3300018310547
156.3851875	8.00459925085306	96.4300003051758
156.40778125	8.01299978047609	96.5299987792969
156.43578125	8.02120007574558	96.629997253418
156.448859375	8.02960060536861	96.7300033569336
156.448828125	8.03779996931553	96.8300018310547
156.46953125	8.04619956761599	96.9300003051758
156.4721875	8.05440079420805	97.0299987792969
156.494046875	8.06299969553947	97.129997253418
156.47865625	8.07119999080896	97.2300033569336
156.502078125	8.07940028607845	97.3300018310547
156.5130625	8.08779988437891	97.4300003051758
156.528328125	8.09620041400194	97.5299987792969
156.549046875	8.10439977794886	97.629997253418
156.57815625	8.11279937624931	97.7300033569336
156.583625	8.12119990587234	97.8300018310547
156.62525	8.1295995041728	97.9300003051758
156.61703125	8.13799910247326	98.0299987792969
156.617625	8.14620032906532	98.129997253418
156.66103125	8.15459992736578	98.2300033569336
156.64590625	8.16280022263527	98.3300018310547
156.6511875	8.17099958658218	98.4300003051758
156.694609375	8.17940011620522	98.5299987792969
156.684734375	8.18799994885921	98.629997253418
156.69671875	8.19600000977516	98.7300033569336
156.686984375	8.20460077375174	98.8300018310547
156.7125	8.21280013769865	98.9300003051758
156.72240625	8.22119973599911	99.0299987792969
156.704703125	8.22960026562214	99.129997253418
156.6970625	8.23779962956905	99.2300033569336
156.707984375	8.24599992483854	99.3300018310547
156.729359375	8.25440045446157	99.4300003051758
156.692171875	8.26280005276203	99.5299987792969
156.6938125	8.27120058238506	99.629997253418
156.695	8.27960018068552	99.7300033569336
156.67371875	8.28799977898598	99.8300018310547
156.6938125	8.29620007425547	99.9300003051758
156.678359375	8.30440036952496	100.029998779297
156.6419375	8.31259973347187	100.129997253418
156.659046875	8.32139980047941	100.230003356934
156.623984375	8.3296000957489	100.330001831055
156.572421875	8.33800062537193	100.430000305176
156.58103125	8.34640022367239	100.529998779297
156.571546875	8.3545995876193	100.629997253418
156.550140625	8.36300011724234	100.730003356934
156.504625	8.37100017815828	100.830001831055
156.491796875	8.37960001081228	100.930000305176
156.481421875	8.38780030608177	101.029998779297
156.4589375	8.39599967002869	101.129997253418
156.4460625	8.4048006683588	101.230003356934
156.436859375	8.41279979795218	101.330001831055
156.4161875	8.42119939625263	101.430000305176
156.42209375	8.42959992587566	101.529998779297
156.399625	8.43780022114515	101.629997253418
156.370703125	8.44620075076818	101.730003356934
156.396640625	8.45460034906864	101.830001831055
156.3638125	8.46279971301556	101.930000305176
156.367234375	8.47100000828505	102.029998779297
156.33725	8.47959984093904	102.129997253418
156.364625	8.48779920488596	102.230003356934
156.348328125	8.49619973450899	102.330001831055
156.36634375	8.50440002977848	102.430000305176
156.342765625	8.51299986243248	102.529998779297
156.34284375	8.52120015770197	102.629997253418
156.34103125	8.52939952164888	102.730003356934
156.338515625	8.53780005127192	102.830001831055
156.353796875	8.54599941521883	102.930000305176
156.355953125	8.5546001791954	103.029998779297
156.356875	8.56280047446489	103.129997253418
156.34628125	8.57120007276535	103.230003356934
156.363703125	8.57940036803484	103.330001831055
156.382671875	8.5877999663353	103.430000305176
156.372765625	8.59619956463575	103.529998779297
156.367578125	8.60460009425879	103.629997253418
156.38346875	8.61299969255924	103.730003356934
156.37234375	8.62119998782873	103.830001831055
156.36615625	8.62959958612919	103.930000305176
156.3900625	8.63779988139868	104.029998779297
156.41821875	8.64620041102171	104.129997253418
156.412640625	8.65460000932217	104.230003356934
156.416546875	8.66279937326908	104.330001831055
156.418765625	8.67140013724566	104.430000305176
156.431640625	8.67959950119257	104.529998779297
156.468046875	8.68780072778463	104.629997253418
156.47534375	8.69600009173155	104.730003356934
156.482125	8.70439969003201	104.830001831055
156.506609375	8.71280021965504	104.930000305176
156.48834375	8.72099958360195	105.029998779297
156.518765625	8.72960034757853	105.129997253418
156.543765625	8.73779971152544	105.230003356934
156.529	8.7461993098259	105.330001831055
156.522234375	8.75440053641796	105.430000305176
156.537234375	8.76299943774939	105.529998779297
156.526375	8.77119973301888	105.629997253418
156.502265625	8.77940002828836	105.730003356934
156.511875	8.78799986094236	105.830001831055
156.505328125	8.79620015621185	105.930000305176
156.51078125	8.80440045148134	106.029998779297
156.478890625	8.8128000497818	106.129997253418
156.493390625	8.82120057940483	106.230003356934
156.484640625	8.82960017770529	106.330001831055
156.463796875	8.83759930729866	106.430000305176
156.501546875	8.84640030562878	106.529998779297
156.46253125	8.85459966957569	106.629997253418
156.454140625	8.86279996484518	106.730003356934
156.465953125	8.87119956314564	106.830001831055
156.446015625	8.87939985841513	106.930000305176
156.451203125	8.88799969106913	107.029998779297
156.434859375	8.89619998633862	107.129997253418
156.4441875	8.90460051596165	107.230003356934
156.447	8.9130001142621	107.330001831055
156.4306875	8.92119947820902	107.430000305176
156.45003125	8.92960000783205	107.529998779297
156.453421875	8.93799960613251	107.629997253418
156.457625	8.94640013575554	107.730003356934
156.45765625	8.95460043102503	107.830001831055
156.467828125	8.96279979497194	107.930000305176
156.486765625	8.97120032459497	108.029998779297
156.507734375	8.97939968854189	108.129997253418
156.5470625	8.98799952119589	108.230003356934
156.568234375	8.99619981646538	108.330001831055
156.570609375	9.00459941476583	108.430000305176
156.595484375	9.0128006413579	108.529998779297
156.533265625	9.02100000530481	108.629997253418
156.528890625	9.02939960360527	108.730003356934
156.51509375	9.0378001332283	108.830001831055
156.4674375	9.0463999658823	108.930000305176
156.435234375	9.05459932982922	109.029998779297
156.40275	9.06280055642128	109.129997253418
156.392453125	9.07120015472174	109.230003356934
156.391359375	9.07960068434477	109.330001831055
156.3596875	9.08780004829168	109.430000305176
156.344796875	9.09619964659214	109.529998779297
156.3369375	9.10480041056871	109.629997253418
156.36509375	9.11279954016209	109.730003356934
156.344140625	9.12120006978512	109.830001831055
156.36465625	9.12959966808558	109.930000305176
156.34709375	9.13779996335506	110.029998779297
156.37446875	9.1462004929781	110.129997253418
156.402140625	9.15439985692501	110.230003356934
156.4224375	9.16259922087193	110.330001831055
156.000078125	9.17140021920204	110.430000305176
155.36365625	9.17940028011799	110.529998779297
154.892953125	9.18820034712553	110.629997253418
154.45153125	9.19620040804148	110.730003356934
154.1275625	9.20460000634193	110.830001831055
153.87653125	9.21319983899593	110.930000305176
153.64246875	9.22119989991188	111.029998779297
153.49603125	9.22959949821234	111.129997253418
153.327171875	9.23800002783537	111.230003356934
153.2245	9.24619939178228	111.330001831055
153.1664375	9.25459992140532	111.430000305176
153.095078125	9.26299951970577	111.529998779297
153.0466875	9.27119981497526	111.629997253418
153.035046875	9.27960034459829	111.730003356934
152.99059375	9.28779970854521	111.830001831055
152.975734375	9.29640047252178	111.930000305176
152.9706875	9.3045998364687	112.029998779297
152.930828125	9.31280013173819	112.129997253418
152.951484375	9.32120066136122	112.230003356934
152.95190625	9.32960025966167	112.330001831055
152.94884375	9.33779962360859	112.430000305176
152.962703125	9.34620015323162	112.529998779297
152.955046875	9.35439951717854	112.629997253418
152.979984375	9.36280004680157	112.730003356934
153.010859375	9.37119964510202	112.830001831055
152.9799375	9.37959924340248	112.930000305176
152.984734375	9.38799977302551	113.029998779297
153.019703125	9.39640030264854	113.129997253418
153.01365625	9.40439943224192	113.230003356934
153.068828125	9.41300019621849	113.330001831055
153.060265625	9.42099932581186	113.430000305176
153.0681875	9.42980032414198	113.529998779297
153.08409375	9.43780038505793	113.629997253418
153.100265625	9.44599974900484	113.730003356934
153.118734375	9.45460051298141	113.830001831055
153.13240625	9.46300011128187	113.930000305176
153.12784375	9.47159994393587	114.029998779297
153.097609375	9.47939977049828	114.129997253418
153.07103125	9.48799960315228	114.230003356934
153.0713125	9.4960005953908	114.330001831055
153.069390625	9.50459949672222	114.430000305176
153.06	9.51279979199171	114.529998779297
153.05890625	9.52120032161474	114.629997253418
153.06103125	9.5295999199152	114.730003356934
153.087421875	9.53800044953823	114.830001831055
153.14159375	9.54619981348515	114.930000305176
153.16521875	9.5545994117856	115.029998779297
153.194515625	9.56299994140863	115.129997253418
153.235171875	9.57139953970909	115.230003356934
153.254875	9.57939960062504	115.330001831055
153.2850625	9.58780013024807	115.430000305176
153.334765625	9.59639996290207	115.529998779297
153.3783125	9.60440002381802	115.629997253418
153.423046875	9.61279962211847	115.730003356934
153.474375	9.62119922041893	115.830001831055
153.519515625	9.62959975004196	115.930000305176
153.568765625	9.63799934834242	116.029998779297
153.61946875	9.64600034058094	116.129997253418
153.646125	9.6543999388814	116.230003356934
153.704171875	9.6629997715354	116.330001831055
153.745734375	9.67120006680489	116.430000305176
153.810375	9.67959966510534	116.529998779297
153.852359375	9.68779996037483	116.629997253418
153.905828125	9.69620048999786	116.730003356934
153.960796875	9.70460008829832	116.830001831055
153.99178125	9.71300061792135	116.930000305176
154.03215625	9.72119998186827	117.029998779297
154.110453125	9.72959958016872	117.129997253418
154.117953125	9.73779987543821	117.230003356934
154.179359375	9.74619947373867	117.330001831055
154.24059375	9.7546000033617	117.430000305176
154.2743125	9.76299960166216	117.529998779297
154.295078125	9.77119989693165	117.629997253418
154.34415625	9.77940019220114	117.730003356934
154.405890625	9.78779979050159	117.830001831055
154.434734375	9.79619938880205	117.930000305176
154.49	9.80459991842508	118.029998779297
154.5323125	9.81280021369457	118.129997253418
154.58575	9.82100050896406	118.230003356934
154.6221875	9.82979964464903	118.330001831055
154.6623125	9.83779970556498	118.430000305176
154.724890625	9.84620023518801	118.529998779297
154.77575	9.85459983348846	118.629997253418
154.80640625	9.86320059746504	118.730003356934
154.857671875	9.87119972705841	118.830001831055
154.904453125	9.87959932535887	118.930000305176
154.974046875	9.88820008933544	119.029998779297
155.006640625	9.89620015025139	119.129997253418
155.062328125	9.90459974855185	119.230003356934
155.107171875	9.91300027817488	119.330001831055
155.17378125	9.92099940776825	119.430000305176
155.231265625	9.92960017174482	119.529998779297
155.291015625	9.93780046701431	119.629997253418
155.327828125	9.94620006531477	119.730003356934
155.369546875	9.9546005949378	119.830001831055
155.293625	9.96279995888472	119.930000305176
155.282046875	9.97119955718517	120.029998779297
155.237828125	9.97939985245466	120.129997253418
155.22815625	9.98779945075512	120.230003356934
155.203796875	9.99619998037815	120.330001831055
155.17146875	10.0045995786786	120.430000305176
155.153390625	10.0129991769791	120.529998779297
155.158921875	10.0212004035711	120.629997253418
155.14246875	10.0296000018716	120.730003356934
155.144421875	10.0380005314946	120.830001831055
155.174984375	10.0461998954415	120.930000305176
155.19075	10.054599493742	121.029998779297
155.218125	10.0628007203341	121.129997253418
155.234515625	10.0712003186345	121.230003356934
155.2541875	10.0793996825814	121.330001831055
155.295421875	10.0878002122045	121.430000305176
155.33184375	10.0961998105049	121.529998779297
155.3474375	10.1046003401279	121.629997253418
155.4105	10.1127997040749	121.730003356934
155.4399375	10.1209999993443	121.830001831055
155.488046875	10.1294005289674	121.930000305176
155.524734375	10.1378001272678	122.029998779297
155.5623125	10.1461997255683	122.129997253418
155.587296875	10.1544000208378	122.230003356934
155.6338125	10.1629998534918	122.330001831055
155.68075	10.1712001487613	122.430000305176
155.74059375	10.1795997470617	122.529998779297
155.809515625	10.1879993453622	122.629997253418
155.838859375	10.1962005719543	122.730003356934
155.898140625	10.2046001702547	122.830001831055
155.970296875	10.2128004655242	122.930000305176
155.984984375	10.2212000638247	123.029998779297
156.060859375	10.2295996621251	123.129997253418
156.101453125	10.2377999573946	123.230003356934
156.12165625	10.2461995556951	123.330001831055
156.192953125	10.2545991539955	123.430000305176
156.2149375	10.2628003805876	123.529998779297
156.266703125	10.2709997445345	123.629997253418
156.305359375	10.2794002741575	123.730003356934
156.357328125	10.287799872458	123.830001831055
156.39396875	10.2959992364049	123.930000305176
156.440171875	10.3046000003815	124.029998779297
156.48515625	10.312800295651	124.129997253418
156.522421875	10.3209996595979	124.230003356934
156.56746875	10.3296004235744	124.330001831055
156.612796875	10.3377997875214	124.430000305176
156.636203125	10.3460000827909	124.529998779297
156.66434375	10.3543996810913	124.629997253418
156.727140625	10.3629995137453	124.730003356934
156.749203125	10.3710005059838	124.830001831055
156.8211875	10.3795994073153	124.930000305176
156.85575	10.3879999369383	125.029998779297
156.881625	10.3962002322078	125.129997253418
156.92209375	10.4045998305082	125.230003356934
156.979796875	10.4125998914242	125.330001831055
157.025359375	10.4211997240782	125.430000305176
157.0809375	10.4295993223786	125.529998779297
157.112375	10.4376003146172	125.629997253418
157.16315625	10.4462001472712	125.730003356934
157.206171875	10.4544004425406	125.830001831055
157.267671875	10.4628000408411	125.930000305176
157.285875	10.470999404788	126.029998779297
157.339921875	10.479399934411	126.129997253418
157.381	10.4876002296805	126.230003356934
157.436828125	10.4962000623345	126.330001831055
157.46421875	10.504400357604	126.430000305176
157.52028125	10.5127999559045	126.529998779297
157.558671875	10.521000251174	126.629997253418
157.610953125	10.529600083828	126.730003356934
157.63578125	10.5375992134213	126.830001831055
157.683015625	10.5459997430444	126.930000305176
157.69834375	10.5542000383139	127.029998779297
157.753765625	10.5626005679369	127.129997253418
157.768140625	10.5710001662374	127.230003356934
157.788765625	10.5793997645378	127.330001831055
157.83121875	10.5878002941608	127.430000305176
157.861390625	10.5961998924613	127.529998779297
157.872859375	10.6043992564082	127.629997253418
157.924609375	10.6127997860312	127.730003356934
157.908109375	10.6211993843317	127.830001831055
157.93965625	10.6295999139547	127.930000305176
157.9484375	10.6378002092242	128.029998779297
157.963453125	10.6461998075247	128.130004882813
157.97853125	10.6546003371477	128.229995727539
157.987796875	10.6627997010946	128.330001831055
157.995109375	10.6709990650415	128.429992675781
158.016578125	10.6795998290181	128.529998779297
158.013640625	10.6879994273186	128.630004882813
158.018890625	10.6960004195571	128.729995727539
158.04075	10.7044000178576	128.830001831055
158.035765625	10.712799616158	128.929992675781
158.03325	10.7209999114275	129.029998779297
158.02575	10.729399509728	129.130004882813
158.04196875	10.737800039351	129.229995727539
158.041171875	10.7461996376514	129.330001831055
158.03840625	10.7543999329209	129.429992675781
158.043140625	10.762800462544	129.529998779297
158.048375	10.7712000608444	129.630004882813
158.01846875	10.7793994247913	129.729995727539
158.070421875	10.7877999544144	129.830001831055
158.06728125	10.7961995527148	129.929992675781
158.0785	10.8044007793069	130.029998779297
158.0714375	10.8128003776073	130.130004882813
158.0738125	10.8213992789388	130.229995727539
158.0955	10.8294002711773	130.330001831055
158.109359375	10.8377998694777	130.429992675781
158.131140625	10.8460001647472	130.529998779297
158.146234375	10.8543997630477	130.630004882813
158.149578125	10.8627993613482	130.729995727539
158.178875	10.8711998909712	130.830001831055
158.192078125	10.8794001862407	130.929992675781
158.214359375	10.8877997845411	131.029998779297
158.221625	10.8962003141642	131.130004882813
