Ruta de archivo: C:\Users\ADVANTECH\Desktop\VALERIA MADERA\Ensayo en marcha 1 04-09-2025 09 34 13 a.m.\DAQ-Carga, … - (Temporizado).txt   
Ensayo: MTS STH Resistencia a la Compresión (ajuste de platinas) 685
Ensayo en marcha: Ensayo en marcha 1
Fecha: 04/09/2025 09:31:45 a.m.


Carga 	Actuador 	Tiempo 
kN	mm	seg
0.0879713363647461	0.0035999998999614	0.430000007152557
0.264745910644531	0.00980000004346948	0.529999971389771
0.298237457275391	0.0165999990713317	0.629999995231628
0.347814422607422	0.0230000005103648	0.730000019073486
0.392652679443359	0.029799999538227	0.829999983310699
0.439840209960938	0.036600002204068	0.930000007152557
0.473264739990234	0.0432000015280209	1.02999997138977
0.541058898925781	0.0500000023748726	1.12999999523163
0.686758605957031	0.0566000016988255	1.23000001907349
0.79576513671875	0.0634000025456771	1.33000004291534
0.916888549804687	0.0698000003467314	1.42999994754791
1.03568273925781	0.076600001193583	1.52999997138977
1.11436767578125	0.083200000517536	1.62999999523163
1.24114184570313	0.0900000013643876	1.73000001907349
1.33549523925781	0.0963999991654418	1.83000004291534
1.43693469238281	0.103200000012293	1.92999994754791
1.541517578125	0.110000000859145	2.02999997138977
1.63088549804687	0.116600000183098	2.13000011444092
1.69049841308594	0.123199992231093	2.23000001907349
1.71520007324219	0.130000000353903	2.32999992370605
1.69202185058594	0.136800008476712	2.4300000667572
1.72093762207031	0.143400000524707	2.52999997138977
1.73454809570312	0.150000007124618	2.63000011444092
1.75178405761719	0.156599999172613	2.73000001907349
1.78604736328125	0.163200005772524	2.82999992370605
1.81121813964844	0.169799997820519	2.9300000667572
1.8089931640625	0.176799992914312	3.02999997138977
1.85760498046875	0.183399999514222	3.13000011444092
1.87927709960938	0.189999991562217	3.23000001907349
1.91016052246094	0.196599998162128	3.32999992370605
1.94263024902344	0.203200004762039	3.4300000667572
1.9916044921875	0.209999998332933	3.52999997138977
2.02930786132813	0.216600004932843	3.63000011444092
2.11680395507813	0.223199996980838	3.73000001907349
2.20927563476562	0.229800003580749	3.82999992370605
2.38287573242188	0.236599997151643	3.9300000667572
2.515544921875	0.243000002228655	4.03000020980835
2.63747729492187	0.249800010351464	4.13000011444092
2.74525146484375	0.256600003922358	4.23000001907349
2.84059692382813	0.263200025074184	4.32999992370605
2.9393408203125	0.269800017122179	4.42999982833862
3.03782836914062	0.276600010693073	4.53000020980835
3.13588037109375	0.283200002741069	4.63000011444092
3.20850341796875	0.289799994789064	4.73000001907349
3.31445092773437	0.296600017463788	4.82999992370605
3.39852026367187	0.303200009511784	4.92999982833862
3.48494287109375	0.309800001559779	5.03000020980835
3.59212377929687	0.316599995130673	5.13000011444092
3.69106176757812	0.323199987178668	5.23000001907349
3.80043627929687	0.329600006807595	5.32999992370605
3.91828100585938	0.336600001901388	5.42999982833862
4.03283740234375	0.342999992426485	5.53000020980835
4.159185546875	0.349799985997379	5.63000011444092
4.271333984375	0.356400007149205	5.73000001907349
4.404341796875	0.363200000720099	5.82999992370605
4.52621728515625	0.369799992768094	5.92999982833862
4.6479990234375	0.376399984816089	6.03000020980835
4.7739580078125	0.383199978386983	6.13000011444092
4.89404931640625	0.389999971957877	6.23000001907349
5.02919189453125	0.396399991586804	6.32999992370605
5.1382431640625	0.403200014261529	6.42999982833862
5.28707470703125	0.409800006309524	6.53000020980835
5.40865234375	0.416599999880418	6.63000011444092
5.53889111328125	0.423200021032244	6.73000001907349
5.65322705078125	0.429800013080239	6.82999992370605
5.7918740234375	0.436600006651133	6.92999982833862
5.91709765625	0.443199998699129	7.03000020980835
6.0527705078125	0.449800019850954	7.13000011444092
6.19372412109375	0.456600013421848	7.23000001907349
6.32632666015625	0.463400006992742	7.32999992370605
6.47105712890625	0.469799997517839	7.42999982833862
6.6041572265625	0.476399989565834	7.53000020980835
6.75023388671875	0.483200012240559	7.63000011444092
6.9124423828125	0.489800004288554	7.73000001907349
7.05334326171875	0.49639999633655	7.82999992370605
7.2050283203125	0.503199989907444	7.92999982833862
7.36205859375	0.50959998043254	8.02999973297119
7.5131416015625	0.516799977049232	8.13000011444092
7.67130859375	0.523199967574328	8.22999954223633
7.81691943359375	0.529800017829984	8.32999992370605
7.974078125	0.53640000987798	8.43000030517578
8.1251513671875	0.543200003448874	8.52999973297119
8.2930576171875	0.549799995496869	8.63000011444092
8.4279501953125	0.556399987544864	8.72999954223633
8.5889482421875	0.563000037800521	8.82999992370605
8.7364755859375	0.569800031371415	8.93000030517578
8.878646484375	0.576399965211749	9.02999973297119
9.0375341796875	0.583000015467405	9.13000011444092
9.1986787109375	0.589800009038299	9.22999954223633
9.3413359375	0.596600002609193	9.32999992370605
9.4997705078125	0.60299999313429	9.43000030517578
9.6695517578125	0.609799986705184	9.52999973297119
9.82879296875	0.616399978753179	9.63000011444092
9.9837490234375	0.623000029008836	9.72999954223633
10.15562109375	0.62959996284917	9.82999992370605
10.311904296875	0.636399956420064	9.93000030517578
10.4617666015625	0.643200008198619	10.0299997329712
10.638041015625	0.649800000246614	10.1300001144409
10.806900390625	0.65640005050227	10.2299995422363
10.9587666015625	0.663200044073164	10.3299999237061
11.1193671875	0.669799977913499	10.4300003051758
11.28873046875	0.676400028169155	10.5299997329712
11.4726044921875	0.683200021740049	10.6300001144409
11.6378740234375	0.689800013788044	10.7299995422363
11.7890107421875	0.69640000583604	10.8299999237061
11.984234375	0.703199999406934	10.9300003051758
12.1510654296875	0.709799991454929	11.0299997329712
12.323802734375	0.716400041710585	11.1300001144409
12.502205078125	0.723200035281479	11.2299995422363
12.6708759765625	0.729799969121814	11.3299999237061
12.841900390625	0.73640001937747	11.4300003051758
13.00394921875	0.742999953217804	11.5299997329712
13.2114931640625	0.749800004996359	11.6300001144409
13.3676953125	0.756199995521456	11.7299995422363
13.5432744140625	0.763199990615249	11.8299999237061
13.7415615234375	0.769799982663244	11.9300003051758
13.91405859375	0.7764000329189	12.0299997329712
14.113841796875	0.782800023443997	12.1300001144409
14.3015341796875	0.789799960330129	12.2299995422363
14.485626953125	0.796400010585785	12.3299999237061
14.6630087890625	0.802999944426119	12.4300003051758
14.857828125	0.809599994681776	12.5299997329712
15.052177734375	0.816600047983229	12.6300001144409
15.2270966796875	0.823199981823564	12.7299995422363
15.4183935546875	0.82980003207922	12.8299999237061
15.60089453125	0.836399965919554	12.9300003051758
15.800736328125	0.84300001617521	13.0299997329712
16.0075986328125	0.849600008223206	13.1300001144409
16.1799404296875	0.8564000017941	13.2299995422363
16.388265625	0.862999993842095	13.3299999237061
16.581224609375	0.869799987412989	13.4300003051758
16.78698828125	0.876600039191544	13.5299997329712
16.977171875	0.883000029716641	13.6300001144409
17.178755859375	0.889800023287535	13.7299995422363
17.375974609375	0.896200013812631	13.8299999237061
17.5896328125	0.903000007383525	13.9300003051758
17.80017578125	0.909599999431521	14.0299997329712
17.989650390625	0.916399993002415	14.1300001144409
18.188029296875	0.92299998505041	14.2299995422363
18.385087890625	0.929799978621304	14.3299999237061
18.608201171875	0.936399970669299	14.4300003051758
18.808107421875	0.943000020924956	14.5299997329712
19.03323828125	0.94980001449585	14.6300001144409
19.232265625	0.956399948336184	14.7299995422363
19.4332578125	0.96299999859184	14.8299999237061
19.633666015625	0.969600048847497	14.9300003051758
19.854443359375	0.976400042418391	15.0299997329712
20.05975390625	0.983000034466386	15.1300001144409
20.290830078125	0.989799969829619	15.2299995422363
20.49678125	0.996400020085275	15.3299999237061
20.699736328125	1.00279995240271	15.4300003051758
20.92570703125	1.00980000570416	15.5299997329712
21.130984375	1.0161999380216	15.6300001144409
21.360876953125	1.02299998980016	15.7299995422363
21.564380859375	1.02960004005581	15.8299999237061
21.808896484375	1.03620009031147	15.9300003051758
22.020185546875	1.0432000271976	16.0300006866455
22.238126953125	1.04959995951504	16.1299991607666
22.45111328125	1.05639989487827	16.2299995422363
22.695990234375	1.06299994513392	16.3299999237061
22.917751953125	1.06959999538958	16.4300003051758
23.145296875	1.07640004716814	16.5300006866455
23.36620703125	1.08279997948557	16.6299991607666
23.600375	1.0895999148488	16.7299995422363
23.82320703125	1.09660008456558	16.8299999237061
24.040115234375	1.10300001688302	16.9300003051758
24.295923828125	1.10979995224625	17.0300006866455
24.52600390625	1.11620000097901	17.1299991607666
24.75280078125	1.12300005275756	17.2299995422363
24.984150390625	1.12960010301322	17.3299999237061
25.218939453125	1.13619992043823	17.4300003051758
25.46196875	1.14299997221678	17.5300006866455
25.705873046875	1.14960002247244	17.6299991607666
25.9508984375	1.15639995783567	17.7299995422363
26.200970703125	1.16300000809133	17.8299999237061
26.442166015625	1.16960005834699	17.9300003051758
26.693529296875	1.17639999371022	18.0300006866455
26.936521484375	1.18299992755055	18.1299991607666
27.18579296875	1.18959997780621	18.2299995422363
27.435751953125	1.19640002958477	18.3299999237061
27.682462890625	1.20280007831752	18.4300003051758
27.94634765625	1.20960001368076	18.5300006866455
28.20010546875	1.21619994752109	18.6299991607666
28.452666015625	1.22299999929965	18.7299995422363
28.7129140625	1.22959993313998	18.8299999237061
28.958861328125	1.23639998491853	18.9300003051758
29.234470703125	1.24280003365129	19.0300006866455
29.4984609375	1.24939996749163	19.1299991607666
29.75203125	1.25640002079308	19.2299995422363
30.00545703125	1.26320007257164	19.3299999237061
30.267994140625	1.26960000488907	19.4300003051758
30.54091015625	1.27620005514473	19.5300006866455
30.82154296875	1.28279998898506	19.6299991607666
31.06113671875	1.28960004076362	19.7299995422363
31.3391875	1.29620009101927	19.8299999237061
31.611146484375	1.30300002638251	19.9300003051758
31.875662109375	1.30959996022284	20.0300006866455
32.165380859375	1.3164000120014	20.1299991607666
32.425544921875	1.32299994584173	20.2299995422363
32.694751953125	1.32959999609739	20.3299999237061
32.95960546875	1.33640004787594	20.4300003051758
33.2392421875	1.3430000981316	20.5300006866455
33.5240703125	1.34959991555661	20.6299991607666
33.79648828125	1.35619996581227	20.7299995422363
34.047953125	1.36280001606792	20.8299999237061
34.3486953125	1.36960006784648	20.9300003051758
34.6373359375	1.37640000320971	21.0300006866455
34.8980703125	1.38300005346537	21.1299991607666
35.17610546875	1.3895999873057	21.2299995422363
35.45630859375	1.39619992114604	21.3299999237061
35.73699609375	1.40299997292459	21.4300003051758
36.0068125	1.40960002318025	21.5300006866455
36.27633984375	1.41639995854348	21.6299991607666
36.5628828125	1.42279989086092	21.7299995422363
36.827609375	1.42959994263947	21.8299999237061
37.1187890625	1.43619999289513	21.9300003051758
37.41210546875	1.44299992825836	22.0300006866455
37.68511328125	1.44939997699112	22.1299991607666
37.96755859375	1.45640003029257	22.2299995422363
38.24158984375	1.46280007902533	22.3299999237061
38.54109765625	1.46960001438856	22.4300003051758
38.8113125	1.47640006616712	22.5300006866455
39.13100390625	1.48279999848455	22.6299991607666
39.39491015625	1.48979993537068	22.7299995422363
39.6913046875	1.49600009899586	22.8299999237061
39.980265625	1.5028000343591	22.9300003051758
40.276625	1.50960008613765	23.0300006866455
40.565671875	1.51619990356266	23.1299991607666
40.86869140625	1.52279995381832	23.2299995422363
41.1458203125	1.52960000559688	23.3299999237061
41.4571640625	1.53639994096011	23.4300003051758
41.76525	1.54299999121577	23.5300006866455
42.0638671875	1.5493999235332	23.6299991607666
42.371109375	1.55619997531176	23.7299995422363
42.65592578125	1.56260002404451	23.8299999237061
42.98275390625	1.56979996245354	23.9300003051758
43.28116015625	1.5762000111863	24.0300006866455
43.57782421875	1.58280006144196	24.1299991607666
43.8852578125	1.58939999528229	24.2299995422363
44.200578125	1.59620004706085	24.3299999237061
44.48879296875	1.60279998090118	24.4300003051758
44.79466015625	1.60959991626441	24.5300006866455
45.10701171875	1.61619996652007	24.6299991607666
45.4360078125	1.62280001677573	24.7299995422363
45.75113671875	1.62960006855428	24.8299999237061
46.08246875	1.63620000239462	24.9300003051758
46.39619140625	1.64300005417317	25.0300006866455
46.7064375	1.64959998801351	25.1299991607666
47.0285390625	1.65600003674626	25.2299995422363
47.37899609375	1.6627999721095	25.3299999237061
47.691875	1.66960002388805	25.4300003051758
48.02387109375	1.67599995620549	25.5300006866455
48.34475	1.68280000798404	25.6299991607666
48.67255078125	1.68959994334728	25.7299995422363
49.0226328125	1.69619999360293	25.8299999237061
49.33884375	1.70280004385859	25.9300003051758
49.68469140625	1.70940009411424	26.0300006866455
50.02287890625	1.71620002947748	26.1299991607666
50.36076171875	1.72300008125603	26.2299995422363
50.68768359375	1.72940001357347	26.3299999237061
51.02767578125	1.7361999489367	26.4300003051758
51.3833203125	1.74300000071526	26.5300006866455
51.72577734375	1.74940004944801	26.6299991607666
52.054265625	1.75619998481125	26.7299995422363
52.40821484375	1.7628000350669	26.8299999237061
52.76822265625	1.76939996890724	26.9300003051758
53.1260625	1.77620002068579	27.0300006866455
53.46151171875	1.78279995452613	27.1299991607666
53.82658203125	1.78960000630468	27.2299995422363
54.18304296875	1.79620005656034	27.3299999237061
54.5251953125	1.80280010681599	27.4300003051758
54.90230078125	1.80960004217923	27.5300006866455
55.2473515625	1.81619997601956	27.6299991607666
55.62478515625	1.82280002627522	27.7299995422363
55.98915625	1.82939996011555	27.8299999237061
56.34333203125	1.83620001189411	27.9300003051758
56.7154609375	1.84259994421154	28.0300006866455
57.0737734375	1.8493999959901	28.1299991607666
57.460125	1.85599992983043	28.2299995422363
57.8126953125	1.86259998008609	28.3299999237061
58.183	1.86960003338754	28.4300003051758
58.563546875	1.87619996722788	28.5300006866455
58.93985546875	1.88280001748353	28.6299991607666
59.31547265625	1.88939995132387	28.7299995422363
59.67684765625	1.89600000157952	28.8299999237061
60.05875	1.90279993694276	28.9300003051758
60.44684765625	1.90939998719841	29.0300006866455
60.8320703125	1.91660004202276	29.1299991607666
61.17590625	1.9227999728173	29.2299995422363
61.5684296875	1.92960002459586	29.3299999237061
61.9387265625	1.93620007485151	29.4300003051758
62.32132421875	1.94300001021475	29.5300006866455
62.70365625	1.94959994405508	29.6299991607666
63.08422265625	1.95619999431074	29.7299995422363
63.47677734375	1.96280004456639	29.8299999237061
63.84476953125	1.96940009482205	29.9300003051758
64.2395390625	1.97619991376996	30.0300006866455
64.59848828125	1.98259996250272	30.1299991607666
64.9921796875	1.98940001428127	30.2299995422363
65.38515625	1.99600006453693	30.3299999237061
65.7655703125	2.00279988348484	30.4300003051758
66.1525546875	2.0093999337405	30.5300006866455
66.5495	2.01619998551905	30.6299991607666
66.917234375	2.02280003577471	30.7299995422363
67.31471875	2.02940008603036	30.8299999237061
67.7275078125	2.03579990193248	30.9300003051758
68.1226171875	2.04279995523393	31.0300006866455
68.5167734375	2.04940000548959	31.1299991607666
68.888859375	2.05600005574524	31.2299995422363
69.2826875	2.06259987317026	31.3299999237061
69.683609375	2.06919992342591	31.4300003051758
70.0929765625	2.07599997520447	31.5300006866455
70.4781953125	2.08280002698302	31.6299991607666
70.868046875	2.08920007571578	31.7299995422363
71.269453125	2.09599989466369	31.8299999237061
71.6598359375	2.10279994644225	31.9300003051758
72.0815546875	2.109199995175	32.0299987792969
72.451015625	2.11600004695356	32.1300010681152
72.8718828125	2.12260009720922	32.2299995422363
73.280546875	2.12939991615713	32.3300018310547
73.6612890625	2.13599996641278	32.4300003051758
74.0609140625	2.14260001666844	32.5299987792969
74.4629375	2.1492000669241	32.6300010681152
74.8804453125	2.15599988587201	32.7299995422363
75.2915546875	2.16239993460476	32.8300018310547
75.659859375	2.16919998638332	32.9300003051758
76.0393671875	2.17600003816187	33.0299987792969
76.4581015625	2.18260008841753	33.1300010681152
76.8504609375	2.18899990431964	33.2299995422363
77.2713515625	2.1957999560982	33.3300018310547
77.6816796875	2.20260000787675	33.4300003051758
78.078671875	2.20919982530177	33.5299987792969
78.5033515625	2.21580010838807	33.6300010681152
78.9208359375	2.22259992733598	33.7299995422363
79.3283515625	2.22899997606874	33.8300018310547
79.736046875	2.23580002784729	33.9300003051758
80.1583359375	2.2423998452723	34.0299987792969
80.569984375	2.2490001283586	34.1300010681152
80.9784765625	2.25579994730651	34.2299995422363
81.4032421875	2.26239999756217	34.3300018310547
81.808859375	2.26920004934072	34.4300003051758
82.203796875	2.27580009959638	34.5299987792969
82.638515625	2.28239991702139	34.6300010681152
83.0495859375	2.28899996727705	34.7299995422363
83.4393203125	2.2958000190556	34.8300018310547
83.8179609375	2.30220006778836	34.9300003051758
84.1836484375	2.30920012108982	35.0299987792969
84.596046875	2.31579993851483	35.1300010681152
85.0198046875	2.32239998877048	35.2299995422363
85.4173125	2.32900003902614	35.3300018310547
85.8395546875	2.33579985797405	35.4300003051758
86.2574296875	2.34220013953745	35.5299987792969
86.678	2.34899995848536	35.6300010681152
87.092421875	2.35580001026392	35.7299995422363
87.49815625	2.36240006051958	35.8300018310547
87.913234375	2.36899987794459	35.9300003051758
88.3389453125	2.37560016103089	36.0299987792969
88.733828125	2.3823999799788	36.1300010681152
89.136796875	2.38900003023446	36.2299995422363
89.5591875	2.39580008201301	36.3300018310547
89.94890625	2.40240013226867	36.4300003051758
90.3537578125	2.40919995121658	36.5299987792969
90.7588046875	2.41580000147223	36.6300010681152
91.1769453125	2.42240005172789	36.7299995422363
91.57634375	2.4289998691529	36.8300018310547
92.0053984375	2.4358001537621	36.9300003051758
92.40971875	2.44239997118711	37.0299987792969
92.8263203125	2.44899978861213	37.1300010681152
93.24240625	2.45560007169843	37.2299995422363
93.653953125	2.46239989064634	37.3300018310547
94.067390625	2.46919994242489	37.4300003051758
94.4670390625	2.47559999115765	37.5299987792969
94.8757890625	2.48240004293621	37.6300010681152
95.285765625	2.48920009471476	37.7299995422363
95.6818359375	2.49579991213977	37.8300018310547
96.0912578125	2.50239996239543	37.9300003051758
96.5131796875	2.50900001265109	38.0299987792969
96.89653125	2.51580006442964	38.1300010681152
97.308640625	2.52239988185465	38.2299995422363
97.714265625	2.52899993211031	38.3300018310547
98.127796875	2.53579998388886	38.4300003051758
98.5110703125	2.54239980131388	38.5299987792969
98.894890625	2.54900008440018	38.6300010681152
99.2932734375	2.55579990334809	38.7299995422363
99.7026328125	2.56240018643439	38.8300018310547
100.10925	2.5690000038594	38.9300003051758
100.493984375	2.57559982128441	39.0299987792969
100.895828125	2.58240010589361	39.1300010681152
101.304046875	2.58899992331862	39.2299995422363
101.6904765625	2.59579997509718	39.3300018310547
102.090828125	2.60220002382994	39.4300003051758
102.486140625	2.60940007865429	39.5299987792969
102.8801484375	2.61560012586415	39.6300010681152
103.2676484375	2.62219994328916	39.7299995422363
103.666328125	2.62919999659061	39.8300018310547
104.06696875	2.63560004532337	39.9300003051758
104.4718671875	2.64240009710193	40.0299987792969
104.8571171875	2.64899991452694	40.1300010681152
105.25290625	2.65580019913614	40.2299995422363
105.6257734375	2.66240001656115	40.3300018310547
105.9973046875	2.66899983398616	40.4300003051758
106.40846875	2.67580011859536	40.5299987792969
106.792625	2.68239993602037	40.6300010681152
107.2372265625	2.68919998779893	40.7299995422363
107.60765625	2.69580003805459	40.8300018310547
107.9830234375	2.7023998554796	40.9300003051758
108.3795859375	2.7090001385659	41.0299987792969
108.7594296875	2.71579995751381	41.1300010681152
109.14253125	2.72260000929236	41.2299995422363
109.5222578125	2.72900005802512	41.3300018310547
109.8932890625	2.73580010980368	41.4300003051758
110.276875	2.74239992722869	41.5299987792969
110.661609375	2.74899997748435	41.6300010681152
111.0209921875	2.7554000262171	41.7299995422363
111.40884375	2.76239984668791	41.8300018310547
111.7921015625	2.76900012977421	41.9300003051758
112.1524140625	2.77579994872212	42.0299987792969
112.541078125	2.78239999897778	42.1300010681152
112.9080390625	2.78920005075634	42.2299995422363
113.2762578125	2.79579986818135	42.3300018310547
113.6545	2.80240015126765	42.4300003051758
114.024953125	2.80899996869266	42.5299987792969
114.366734375	2.81560001894832	42.6300010681152
114.7724609375	2.82240007072687	42.7299995422363
115.101	2.82899988815188	42.8300018310547
115.4815859375	2.83579993993044	42.9300003051758
115.8253671875	2.8423999901861	43.0299987792969
116.195640625	2.84920004196465	43.1300010681152
116.56978125	2.85579985938966	43.2299995422363
116.9231015625	2.86240014247596	43.3300018310547
117.2601875	2.86919996142387	43.4300003051758
117.6460703125	2.87579977884889	43.5299987792969
117.9960078125	2.88240006193519	43.6300010681152
118.362828125	2.8889998793602	43.7299995422363
118.7042578125	2.8958001639694	43.8300018310547
119.0514921875	2.90239998139441	43.9300003051758
119.4140859375	2.90920003317297	44.0299987792969
119.7524921875	2.91560008190572	44.1300010681152
120.1076328125	2.92260013520718	44.2299995422363
120.432921875	2.92919995263219	44.3300018310547
120.785359375	2.93560000136495	44.4300003051758
121.1341484375	2.9426000546664	44.5299987792969
121.46903125	2.94919987209141	44.6300010681152
121.7989765625	2.95580015517771	44.7299995422363
122.126078125	2.96219997107983	44.8300018310547
122.41971875	2.96919979155064	44.9300003051758
122.7166796875	2.97580007463694	45.0299987792969
123.0221015625	2.98239989206195	45.1300010681152
123.355171875	2.98900017514825	45.2299995422363
123.6826953125	2.99579999409616	45.3300018310547
124.00078125	3.00260004587471	45.4300003051758
124.3241015625	3.00920009613037	45.5299987792969
124.6645390625	3.01579991355538	45.6300010681152
124.97990625	3.02259996533394	45.7299995422363
125.2737265625	3.0290000140667	45.8300018310547
125.613078125	3.03600006736815	45.9300003051758
125.90596875	3.04239988327026	46.0299987792969
126.209953125	3.04920016787946	46.1300010681152
126.54146875	3.05579998530447	46.2299995422363
126.8495703125	3.06240003556013	46.3300018310547
127.1661796875	3.06920008733869	46.4300003051758
127.459890625	3.0757999047637	46.5299987792969
127.776015625	3.08240018785	46.6300010681152
128.087140625	3.08920000679791	46.7299995422363
128.37925	3.09600005857646	46.8300018310547
128.6778515625	3.10240010730922	46.9300003051758
128.9793671875	3.10919992625713	47.0299987792969
129.27559375	3.11579997651279	47.1300010681152
129.579359375	3.12240002676845	47.2299995422363
129.893765625	3.1294000800699	47.3300018310547
130.176265625	3.13579989597201	47.4300003051758
130.465625	3.14239994622767	47.5299987792969
130.7803828125	3.14939999952912	47.6300010681152
131.0638515625	3.15580004826188	47.7299995422363
131.33871875	3.16260010004044	47.8300018310547
131.63553125	3.16919991746545	47.9300003051758
131.929390625	3.17580020055175	48.0299987792969
132.2288125	3.18260001949966	48.1300010681152
132.51353125	3.18919983692467	48.2299995422363
132.783328125	3.19580012001097	48.3300018310547
133.067765625	3.20239993743598	48.4300003051758
133.3660625	3.20919998921454	48.5299987792969
133.659203125	3.2158000394702	48.6300010681152
133.92325	3.22239985689521	48.7299995422363
134.192375	3.22919990867376	48.8300018310547
134.479609375	3.23579995892942	48.9300003051758
134.753671875	3.24260001070797	49.0299987792969
135.033265625	3.24920006096363	49.1300010681152
135.299890625	3.25580011121929	49.2299995422363
135.565828125	3.2625999301672	49.3300018310547
135.819265625	3.26919998042285	49.4300003051758
136.08965625	3.27580003067851	49.5299987792969
136.364546875	3.28259984962642	49.6300010681152
136.65903125	3.28920013271272	49.7299995422363
136.921484375	3.29579995013773	49.8300018310547
137.180734375	3.30260000191629	49.9300003051758
137.4384375	3.30900005064905	50.0299987792969
137.712140625	3.31579986959696	50.1300010681152
137.965609375	3.32259992137551	50.2299995422363
138.2315625	3.32919997163117	50.3300018310547
138.49709375	3.33600002340972	50.4300003051758
138.74003125	3.34240007214248	50.5299987792969
139.02171875	3.34940012544394	50.6300010681152
139.289421875	3.35599994286895	50.7299995422363
139.540609375	3.3625999931246	50.8300018310547
139.788484375	3.36920004338026	50.9300003051758
140.035203125	3.37599986232817	51.0299987792969
140.313375	3.38240014389157	51.1300010681152
140.58946875	3.38919996283948	51.2299995422363
140.829078125	3.39580001309514	51.3300018310547
141.081765625	3.4024000633508	51.4300003051758
141.344265625	3.40919988229871	51.5299987792969
141.58240625	3.41599993407726	51.6300010681152
141.837140625	3.42259998433292	51.7299995422363
142.106265625	3.42940003611147	51.8300018310547
142.35959375	3.43580008484423	51.9300003051758
142.580640625	3.44259990379214	52.0299987792969
142.845421875	3.4491999540478	52.1300010681152
143.113421875	3.45600000582635	52.2299995422363
143.34940625	3.46260005608201	52.3300018310547
143.57615625	3.46919987350702	52.4300003051758
143.82621875	3.47579992376268	52.5299987792969
144.069546875	3.48239997401834	52.6300010681152
144.324796875	3.48920002579689	52.7299995422363
144.55859375	3.49580007605255	52.8300018310547
144.790640625	3.50279989652336	52.9300003051758
145.028859375	3.50920017808676	53.0299987792969
145.28653125	3.51579999551177	53.1300010681152
145.539890625	3.52280004881322	53.2299995422363
145.766328125	3.52920009754598	53.3300018310547
145.988921875	3.53579991497099	53.4300003051758
146.230203125	3.54239996522665	53.5299987792969
146.4834375	3.54920001700521	53.6300010681152
146.700703125	3.55580006726086	53.7299995422363
146.9323125	3.56259988620877	53.8300018310547
147.152890625	3.56940017081797	53.9300003051758
147.40284375	3.57579998672009	54.0299987792969
147.614203125	3.58260003849864	54.1300010681152
147.839609375	3.5892000887543	54.2299995422363
148.05325	3.59599990770221	54.3300018310547
148.26165625	3.60260019078851	54.4300003051758
148.504484375	3.60920000821352	54.5299987792969
148.717359375	3.61599982716143	54.6300010681152
148.9130625	3.62260011024773	54.7299995422363
149.12984375	3.62939992919564	54.8300018310547
149.33528125	3.6357999779284	54.9300003051758
149.591265625	3.64260002970695	55.0299987792969
149.776296875	3.64940008148551	55.1300010681152
149.964078125	3.65599989891052	55.2299995422363
150.190109375	3.66280018351972	55.3300018310547
150.36609375	3.66899999789894	55.4300003051758
150.602375	3.67580004967749	55.5299987792969
150.819125	3.68240009993315	55.6300010681152
151.007765625	3.68939992040396	55.7299995422363
151.229484375	3.69579996913671	55.8300018310547
151.402203125	3.70260002091527	55.9300003051758
151.6266875	3.70919983834028	56.0299987792969
151.795828125	3.71580012142658	56.1300010681152
152.016515625	3.72259994037449	56.2299995422363
152.208015625	3.72919999063015	56.3300018310547
152.3790625	3.73580004088581	56.4300003051758
152.586421875	3.74280009418726	56.5299987792969
152.719265625	3.74920014292002	56.6300010681152
152.917265625	3.75599996186793	56.7299995422363
153.08778125	3.76260001212358	56.8300018310547
153.245734375	3.76920006237924	56.9300003051758
153.40553125	3.77620011568069	57.0299987792969
153.59734375	3.78259993158281	57.1300010681152
153.726046875	3.78919998183846	57.2299995422363
153.886796875	3.79600003361702	57.3300018310547
154.039140625	3.80259985104203	57.4300003051758
154.168140625	3.80920013412833	57.5299987792969
154.31053125	3.81599995307624	57.6300010681152
154.457234375	3.8226000033319	57.7299995422363
154.574796875	3.82940005511045	57.8300018310547
154.699171875	3.83599987253547	57.9300003051758
154.842890625	3.84279992431402	58.0299987792969
154.930734375	3.84919997304678	58.1300010681152
155.0353125	3.85600002482533	58.2299995422363
155.17315625	3.86260007508099	58.3300018310547
155.243015625	3.8689998909831	58.4300003051758
155.37653125	3.87599994428456	58.5299987792969
155.481296875	3.88259999454021	58.6300010681152
155.57234375	3.88940004631877	58.7299995422363
155.673765625	3.89599986374378	58.8300018310547
155.756515625	3.90260014683008	58.9300003051758
155.85946875	3.90919996425509	59.0299987792969
155.930421875	3.91600001603365	59.1300010681152
156.0040625	3.92259983345866	59.2299995422363
156.08528125	3.92939988523722	59.3300018310547
156.1441875	3.93600016832352	59.4300003051758
156.220046875	3.94280022010207	59.5299987792969
156.3028125	3.94940003752708	59.6300010681152
156.362453125	3.95620008930564	59.7299995422363
156.41153125	3.96279990673065	59.8300018310547
156.469265625	3.96939972415566	59.9300003051758
156.565265625	3.97600000724196	60.0299987792969
156.625734375	3.98259982466698	60.1300010681152
156.69765625	3.98939987644553	60.2299995422363
156.755015625	3.99600015953183	60.3300018310547
156.77396875	4.00280021131039	60.4300003051758
156.832	4.0094000287354	60.5299987792969
156.846171875	4.01599984616041	60.6300010681152
156.88840625	4.02279989793897	60.7299995422363
156.903421875	4.02919994667172	60.8300018310547
156.930640625	4.03620023280382	60.9300003051758
156.919140625	4.04280005022883	61.0299987792969
156.930171875	4.04960010200739	61.1300010681152
156.95046875	4.05600015074015	61.2299995422363
156.984703125	4.06259996816516	61.3300018310547
157.01621875	4.06940001994371	61.4300003051758
157.053296875	4.07620007172227	61.5299987792969
157.086265625	4.08279988914728	61.6300010681152
157.0889375	4.08939970657229	61.7299995422363
157.141765625	4.09619975835085	61.8300018310547
157.18390625	4.10260027274489	61.9300003051758
157.22534375	4.10920009016991	62.0299987792969
157.29421875	4.11619991064072	62.1300010681152
157.32690625	4.12259995937347	62.2299995422363
157.38571875	4.12939954549074	62.3300018310547
157.48009375	4.13600029423833	62.4300003051758
157.565875	4.14260011166334	62.5299987792969
157.658890625	4.1494001634419	62.6300010681152
157.76090625	4.15599998086691	62.7299995422363
157.87296875	4.16239956393838	62.8300018310547
157.965703125	4.16940031573176	62.9300003051758
158.081453125	4.17600013315678	63.0299987792969
158.2156875	4.18259995058179	63.1300010681152
158.317203125	4.1891997680068	63.2299995422363
158.4294375	4.19600028544664	63.3300018310547
158.563640625	4.20260010287166	63.4300003051758
158.67225	4.20919992029667	63.5299987792969
158.79425	4.21599997207522	63.6300010681152
158.949875	4.22259978950024	63.7299995422363
159.0555625	4.22940030694008	63.8300018310547
159.165140625	4.23600012436509	63.9300003051758
159.296125	4.2425999417901	64.0299987792969
159.43225	4.24939999356866	64.129997253418
159.576203125	4.25599981099367	64.2300033569336
159.6766875	4.26260009407997	64.3300018310547
159.789578125	4.26940014585853	64.4300003051758
159.93853125	4.27580019459128	64.5299987792969
160.0266875	4.2824000120163	64.629997253418
160.149734375	4.28919959813356	64.7300033569336
160.29115625	4.29580034688115	64.8300018310547
160.398734375	4.30259993299842	64.9300003051758
160.510546875	4.30919975042343	65.0299987792969
160.619671875	4.31580003350973	65.129997253418
160.73415625	4.32280031964183	65.2300033569336
160.847515625	4.3291999027133	65.3300018310547
160.942546875	4.3358001857996	65.4300003051758
161.057640625	4.34259977191687	65.5299987792969
161.15175	4.34919958934188	65.629997253418
161.270328125	4.35580033808947	65.7300033569336
161.356453125	4.36259992420673	65.8300018310547
161.48734375	4.36920020729303	65.9300003051758
161.556640625	4.3759997934103	66.0299987792969
161.677671875	4.38259961083531	66.129997253418
161.789765625	4.3892003595829	66.2300033569336
161.898203125	4.39599994570017	66.3300018310547
162.0076875	4.40259976312518	66.4300003051758
162.13015625	4.40920004621148	66.5299987792969
162.247609375	4.41600009799004	66.629997253418
162.335359375	4.42259991541505	66.7300033569336
162.429515625	4.42920019850135	66.8300018310547
162.54365625	4.43599978461862	66.9300003051758
162.661421875	4.44239983335137	67.0299987792969
162.76471875	4.44920035079122	67.129997253418
162.881796875	4.45599993690848	67.2300033569336
162.980171875	4.46260021999478	67.3300018310547
163.0598125	4.46939980611205	67.4300003051758
163.16696875	4.47599962353706	67.5299987792969
163.250515625	4.48240013793111	67.629997253418
163.3660625	4.48939995840192	67.7300033569336
163.434171875	4.49599977582693	67.8300018310547
163.52653125	4.50260005891323	67.9300003051758
163.615515625	4.50940011069179	68.0299987792969
163.7044375	4.5159999281168	68.129997253418
163.81115625	4.52279997989535	68.2300033569336
163.8989375	4.52939979732037	68.3300018310547
163.966015625	4.53579984605312	68.4300003051758
164.09159375	4.54239966347814	68.5299987792969
164.2056875	4.54939994961023	68.629997253418
164.287703125	4.55620000138879	68.7300033569336
164.33503125	4.562399815768	68.8300018310547
164.423453125	4.56919986754656	68.9300003051758
164.521453125	4.57580015063286	69.0299987792969
164.586640625	4.58260020241141	69.129997253418
164.693515625	4.58939978852868	69.2300033569336
164.75159375	4.59579983726144	69.3300018310547
164.8358125	4.60280012339354	69.4300003051758
164.931453125	4.60920017212629	69.5299987792969
164.98496875	4.61579998955131	69.629997253418
165.0976875	4.62260004132986	69.7300033569336
165.17790625	4.62919985875487	69.8300018310547
165.2328125	4.63600037619472	69.9300003051758
165.307109375	4.64279996231198	70.0299987792969
165.378390625	4.64940024539828	70.129997253418
165.4383125	4.6560000628233	70.2300033569336
165.49196875	4.66259988024831	70.3300018310547
165.5544375	4.66940039768815	70.4300003051758
165.612328125	4.67600021511316	70.5299987792969
165.714125	4.68260003253818	70.629997253418
165.75709375	4.68919984996319	70.7300033569336
165.84396875	4.69599990174174	70.8300018310547
165.892703125	4.70260018482804	70.9300003051758
165.942953125	4.7094002366066	71.0299987792969
166.01865625	4.71579981967807	71.129997253418
166.05228125	4.72259987145662	71.2300033569336
166.101203125	4.72940038889647	71.3300018310547
166.16809375	4.73600020632148	71.4300003051758
166.213953125	4.74260002374649	71.5299987792969
166.26234375	4.74940007552505	71.629997253418
166.32246875	4.75599989295006	71.7300033569336
166.33140625	4.76260017603636	71.8300018310547
166.377109375	4.76940022781491	71.9300003051758
166.411609375	4.77580027654767	72.0299987792969
166.4715625	4.78259986266494	72.129997253418
166.511140625	4.78939991444349	72.2300033569336
166.550515625	4.79600019752979	72.3300018310547
166.570046875	4.80260001495481	72.4300003051758
166.5835	4.80940006673336	72.5299987792969
166.586203125	4.81580011546612	72.629997253418
166.60371875	4.82279993593693	72.7300033569336
166.585015625	4.82940021902323	72.8300018310547
166.543015625	4.83600003644824	72.9300003051758
166.38571875	4.8428000882268	73.0299987792969
166.254171875	4.84919967129827	73.129997253418
166.07290625	4.85620042309165	73.2300033569336
165.894078125	4.86280024051666	73.3300018310547
165.70765625	4.86940005794168	73.4300003051758
165.54490625	4.87620010972023	73.5299987792969
165.343	4.88279992714524	73.629997253418
165.125984375	4.8895999789238	73.7300033569336
164.86834375	4.8962002620101	73.8300018310547
164.653265625	4.90280007943511	73.9300003051758
164.39865625	4.90959966555238	74.0299987792969
164.157984375	4.91619994863868	74.129997253418
163.89965625	4.92280023172498	74.2300033569336
163.666703125	4.92959981784225	74.3300018310547
163.448359375	4.93620010092854	74.4300003051758
163.24259375	4.94279991835356	74.5299987792969
163.0640625	4.9496004357934	74.629997253418
162.88634375	4.95620025321841	74.7300033569336
162.746765625	4.96299983933568	74.8300018310547
162.580859375	4.96960012242198	74.9300003051758
162.4453125	4.97599970549345	75.0299987792969
162.33003125	4.98280022293329	75.129997253418
162.1965625	4.98960027471185	75.2300033569336
162.08021875	4.99599985778332	75.3300018310547
161.94853125	5.00279990956187	75.4300003051758
161.8305	5.00959996134043	75.5299987792969
161.714640625	5.01620024442673	75.629997253418
161.6075625	5.02280006185174	75.7300033569336
161.5115625	5.02939987927675	75.8300018310547
161.426859375	5.03599969670177	75.9300003051758
161.338859375	5.04300044849515	76.0299987792969
161.280140625	5.04940003156662	76.129997253418
161.229203125	5.05600031465292	76.2300033569336
161.1556875	5.06300013512373	76.3300018310547
161.123328125	5.0693997181952	76.4300003051758
161.085890625	5.0760000012815	76.5299987792969
161.061984375	5.08280005306005	76.629997253418
161.02740625	5.08939987048507	76.7300033569336
161.012703125	5.09619992226362	76.8300018310547
160.97928125	5.10279973968863	76.9300003051758
160.994671875	5.10940002277493	77.0299987792969
160.981015625	5.11639984324574	77.129997253418
160.9605625	5.1227998919785	77.2300033569336
160.930828125	5.12939970940351	77.3300018310547
160.927015625	5.13599999248981	77.4300003051758
160.888078125	5.14280004426837	77.5299987792969
160.867890625	5.14920009300113	77.629997253418
160.8560625	5.15600014477968	77.7300033569336
160.8518125	5.16279973089695	77.8300018310547
160.837375	5.16940001398325	77.9300003051758
160.839421875	5.17600029706955	78.0299987792969
160.825578125	5.18260011449456	78.129997253418
160.845453125	5.18940016627312	78.2300033569336
160.834171875	5.19599998369813	78.3300018310547
160.798390625	5.20259980112314	78.4300003051758
160.796140625	5.20940031856298	78.5299987792969
160.776359375	5.216000135988	78.629997253418
160.75346875	5.22279972210526	78.7300033569336
160.7181875	5.22940000519156	78.8300018310547
160.681453125	5.23620005697012	78.9300003051758
160.65246875	5.24260010570288	79.0299987792969
160.609546875	5.24940015748143	79.129997253418
160.35590625	5.25599997490644	79.2300033569336
160.041375	5.2632000297308	79.3300018310547
159.76565625	5.26960007846355	79.4300003051758
159.5293125	5.27600012719631	79.5299987792969
159.275671875	5.28299994766712	79.629997253418
158.987953125	5.28959976509213	79.7300033569336
158.63746875	5.29640028253198	79.8300018310547
158.26646875	5.30300009995699	79.9300003051758
157.9385	5.309599917382	80.0299987792969
157.57003125	5.31619973480701	80.129997253418
157.2569375	5.32299978658557	80.2300033569336
156.904	5.32960006967187	80.3300018310547
156.548953125	5.33640012145042	80.4300003051758
156.177515625	5.34299993887544	80.5299987792969
155.838640625	5.34939998760819	80.629997253418
155.45546875	5.356399808079	80.7300033569336
154.886390625	5.3630000911653	80.8300018310547
154.4036875	5.36999991163611	80.9300003051758
153.916296875	5.37639996036887	81.0299987792969
153.4779375	5.38280000910163	81.129997253418
153.060453125	5.3895995952189	81.2300033569336
152.6435625	5.39640011265874	81.3300018310547
152.239703125	5.40299993008375	81.4300003051758
151.886109375	5.40979998186231	81.5299987792969
151.51315625	5.41660003364086	81.629997253418
151.203125	5.42300008237362	81.7300033569336
150.8943125	5.42980013415217	81.8300018310547
150.643546875	5.43639995157719	81.9300003051758
150.3875625	5.4429997690022	82.0299987792969
150.183265625	5.44979982078075	82.129997253418
150.0005625	5.45640010386705	82.2300033569336
149.813984375	5.46320015564561	82.3300018310547
149.66140625	5.46960020437837	82.4300003051758
149.53878125	5.47639979049563	82.5299987792969
149.395703125	5.48299960792065	82.629997253418
149.301765625	5.48960035666823	82.7300033569336
149.2073125	5.4963999427855	82.8300018310547
149.1169375	5.50279999151826	82.9300003051758
149.05121875	5.50960004329681	83.0299987792969
148.943921875	5.51639962941408	83.129997253418
148.873203125	5.52299991250038	83.2300033569336
148.7840625	5.52960019558668	83.3300018310547
148.703921875	5.53620001301169	83.4300003051758
148.6439375	5.5431998334825	83.5299987792969
148.550609375	5.54960034787655	83.629997253418
148.491453125	5.55639993399382	83.7300033569336
148.365546875	5.56300021708012	83.8300018310547
148.281234375	5.56960003450513	83.9300003051758
148.171109375	5.5763996206224	84.0299987792969
148.071	5.58300036936998	84.129997253418
147.987453125	5.589600186795	84.2300033569336
147.879953125	5.59639977291226	84.3300018310547
147.78909375	5.60300005599856	84.4300003051758
147.694546875	5.60959987342358	84.5299987792969
147.616265625	5.61620015650988	84.629997253418
147.538484375	5.62300020828843	84.7300033569336
147.290625	5.6297997944057	84.8300018310547
147.029609375	5.636400077492	84.9300003051758
146.765359375	5.64299989491701	85.0299987792969
146.5779375	5.64979994669557	85.129997253418
146.39428125	5.65659999847412	85.2300033569336
146.210984375	5.66340005025268	85.3300018310547
146.068515625	5.66979963332415	85.4300003051758
145.893546875	5.67640038207173	85.5299987792969
145.755703125	5.68300019949675	85.629997253418
145.63721875	5.68979978561401	85.7300033569336
145.50240625	5.69640006870031	85.8300018310547
145.3908125	5.70319965481758	85.9300003051758
145.28559375	5.70979993790388	86.0299987792969
145.17209375	5.71640022099018	86.129997253418
145.057359375	5.72319980710745	86.2300033569336
144.983140625	5.72959985584021	86.3300018310547
144.86778125	5.73639990761876	86.4300003051758
144.775171875	5.74300019070506	86.5299987792969
144.7191875	5.74980024248362	86.629997253418
144.637703125	5.75640005990863	86.7300033569336
144.555	5.76299987733364	86.8300018310547
144.49675	5.76980039477348	86.9300003051758
144.4306875	5.7764002121985	87.0299987792969
144.36453125	5.78280026093125	87.129997253418
144.349875	5.78959984704852	87.2300033569336
144.269375	5.79639989882708	87.3300018310547
144.228234375	5.80319995060563	87.4300003051758
144.151671875	5.80959999933839	87.5299987792969
144.086921875	5.81640005111694	87.629997253418
144.038953125	5.82299986854196	87.7300033569336
143.9839375	5.82959968596697	87.8300018310547
143.9355625	5.83640020340681	87.9300003051758
143.8793125	5.84300002083182	88.0299987792969
143.824828125	5.84980007261038	88.129997253418
143.7688125	5.85639989003539	88.2300033569336
143.718328125	5.8629997074604	88.3300018310547
143.658671875	5.86980022490025	88.4300003051758
143.605046875	5.876200273633	88.5299987792969
143.56453125	5.88320009410381	88.629997253418
143.50496875	5.88959967717528	88.7300033569336
143.444828125	5.89619996026158	88.8300018310547
143.394734375	5.90300001204014	88.9300003051758
143.33721875	5.90980006381869	89.0299987792969
143.253515625	5.91639988124371	89.129997253418
143.221484375	5.92319993302226	89.2300033569336
143.15975	5.92959998175502	89.3300018310547
143.113765625	5.93640003353357	89.4300003051758
143.064921875	5.94299985095859	89.5299987792969
143.011515625	5.94979990273714	89.629997253418
143.0004375	5.95639972016215	89.7300033569336
142.92875	5.96300000324845	89.8300018310547
142.914859375	5.96960028633475	89.9300003051758
142.863953125	5.97639987245202	90.0299987792969
142.82596875	5.98319992423058	90.129997253418
142.78953125	5.98959997296333	90.2300033569336
142.746390625	5.99640002474189	90.3300018310547
142.729546875	6.0029998421669	90.4300003051758
142.69240625	6.00979989394546	90.5299987792969
142.657515625	6.01639971137047	90.629997253418
142.64784375	6.02299999445677	90.7300033569336
142.614	6.02960027754307	90.8300018310547
142.6028125	6.03620009496808	90.9300003051758
142.56728125	6.04300014674664	91.0299987792969
142.517	6.04959996417165	91.129997253418
142.52284375	6.0564000159502	91.2300033569336
142.4776875	6.0630002990365	91.3300018310547
142.440671875	6.06960011646152	91.4300003051758
142.424	6.07639970257878	91.5299987792969
142.39809375	6.08299998566508	91.629997253418
142.388984375	6.08980003744364	91.7300033569336
142.332875	6.09639985486865	91.8300018310547
142.327796875	6.10319990664721	91.9300003051758
142.295734375	6.10979972407222	92.0299987792969
142.267671875	6.11639954149723	92.129997253418
142.232421875	6.12300029024482	92.2300033569336
142.218046875	6.12979987636209	92.3300018310547
142.192375	6.13619992509484	92.4300003051758
142.152875	6.1429999768734	92.5299987792969
142.10671875	6.1496002599597	92.629997253418
142.07940625	6.15660008043051	92.7300033569336
142.0175625	6.16300012916327	92.8300018310547
141.995859375	6.16979971528053	92.9300003051758
141.95209375	6.17639999836683	93.0299987792969
141.90396875	6.18300028145313	93.129997253418
141.874234375	6.1897998675704	93.2300033569336
141.830609375	6.1964001506567	93.3300018310547
141.7675	6.20279973372817	93.4300003051758
141.7463125	6.20959978550673	93.5299987792969
141.692390625	6.21640030294657	93.629997253418
141.659234375	6.22300012037158	93.7300033569336
141.615671875	6.22980017215014	93.8300018310547
141.57615625	6.23639998957515	93.9300003051758
141.541734375	6.24299980700016	94.0299987792969
141.47240625	6.24960009008646	94.129997253418
141.4361875	6.25619990751147	94.2300033569336
141.41834375	6.26299995929003	94.3300018310547
141.358515625	6.26959977671504	94.4300003051758
141.317109375	6.27619959414005	94.5299987792969
141.294609375	6.2830001115799	94.629997253418
141.24665625	6.28980016335845	94.7300033569336
141.24378125	6.29639998078346	94.8300018310547
141.181234375	6.30319956690073	94.9300003051758
141.140625	6.30960008129478	95.0299987792969
141.129875	6.31640013307333	95.129997253418
141.072828125	6.32299995049834	95.2300033569336
141.05440625	6.3298000022769	95.3300018310547
141.02175	6.33639981970191	95.4300003051758
140.96871875	6.34320033714175	95.5299987792969
140.9450625	6.34959992021322	95.629997253418
140.91153125	6.35659974068403	95.7300033569336
140.8670625	6.36299978941679	95.8300018310547
140.842609375	6.37000007554889	95.9300003051758
140.800984375	6.37640012428164	96.0299987792969
140.781578125	6.38299994170666	96.129997253418
140.735390625	6.38979999348521	96.2300033569336
140.704828125	6.39659957960248	96.3300018310547
140.671	6.40300009399652	96.4300003051758
140.612546875	6.40959991142154	96.5299987792969
140.568625	6.41639996320009	96.629997253418
140.53053125	6.4229997806251	96.7300033569336
140.5245625	6.42979983240366	96.8300018310547
140.469859375	6.43640011548996	96.9300003051758
140.42296875	6.44320016726851	97.0299987792969
140.3994375	6.44979998469353	97.129997253418
140.36228125	6.45639980211854	97.2300033569336
140.3531875	6.46320031955838	97.3300018310547
140.311078125	6.46980013698339	97.4300003051758
140.2744375	6.47639995440841	97.5299987792969
140.2478125	6.48299977183342	97.629997253418
140.24059375	6.48979982361197	97.7300033569336
140.2276875	6.49640010669827	97.8300018310547
140.190765625	6.50320015847683	97.9300003051758
140.16928125	6.50979997590184	98.0299987792969
140.145734375	6.51639979332685	98.129997253418
140.134375	6.52319984510541	98.2300033569336
140.0915625	6.52980012819171	98.3300018310547
140.063171875	6.53639994561672	98.4300003051758
140.051875	6.54319999739528	98.5299987792969
140.030140625	6.54979981482029	98.629997253418
139.97821875	6.5563996322453	98.7300033569336
139.96028125	6.56300038099289	98.8300018310547
139.93621875	6.56979996711016	98.9300003051758
139.91740625	6.57620001584291	99.0299987792969
139.863984375	6.58319983631372	99.129997253418
139.8215625	6.58979965373874	99.2300033569336
139.77275	6.59620016813278	99.3300018310547
139.747953125	6.60300021991134	99.4300003051758
139.71625	6.61000004038215	99.5299987792969
139.658890625	6.61619985476136	99.629997253418
139.632890625	6.62320014089346	99.7300033569336
139.59884375	6.62979995831847	99.8300018310547
139.575921875	6.63640024140477	99.9300003051758
139.536421875	6.64319982752204	100.029998779297
139.499921875	6.6495998762548	100.129997253418
139.463078125	6.65640039369464	100.230003356934
139.466953125	6.66319997981191	100.330001831055
139.41565625	6.66960002854466	100.430000305176
139.397703125	6.67640008032322	100.529998779297
139.37975	6.68299989774823	100.629997253418
139.354515625	6.68979994952679	100.730003356934
139.33390625	6.69640023261309	100.830001831055
139.313640625	6.7030000500381	100.930000305176
139.290578125	6.70959986746311	101.029998779297
139.260078125	6.71639991924167	101.129997253418
139.234984375	6.72319997102022	101.230003356934
139.204984375	6.72980025410652	101.330001831055
139.166921875	6.73640007153153	101.430000305176
139.150265625	6.74299988895655	101.529998779297
139.114328125	6.74980040639639	101.629997253418
139.07659375	6.75659999251366	101.730003356934
139.06396875	6.76300004124641	101.830001831055
139.038	6.76980009302497	101.930000305176
139.04309375	6.77639991044998	102.029998779297
138.9963125	6.78300019353628	102.129997253418
139.017375	6.78980024531484	102.230003356934
138.9939375	6.79640006273985	102.330001831055
138.96903125	6.80299988016486	102.430000305176
138.97559375	6.80959969758987	102.529998779297
138.947828125	6.81659998372197	102.629997253418
138.93759375	6.82300003245473	102.730003356934
138.879375	6.82959984987974	102.830001831055
138.861578125	6.83620013296604	102.930000305176
138.808734375	6.84320041909814	103.029998779297
138.74725	6.84980023652315	103.129997253418
138.6958125	6.85640005394816	103.230003356934
138.65034375	6.86320010572672	103.330001831055
138.623984375	6.86979992315173	103.430000305176
138.56834375	6.87659997493029	103.529998779297
138.506796875	6.88320025801659	103.629997253418
138.484640625	6.88959984108806	103.730003356934
138.4475625	6.89639989286661	103.830001831055
138.43628125	6.90319994464517	103.930000305176
138.422390625	6.90959999337792	104.029998779297
138.420796875	6.91680004820228	104.129997253418
138.36065625	6.92339986562729	104.230003356934
138.35225	6.92979991436005	104.330001831055
138.327390625	6.93660043179989	104.430000305176
138.3318125	6.9432002492249	104.529998779297
138.352390625	6.94999983534217	104.629997253418
138.331265625	6.95660011842847	104.730003356934
138.3360625	6.96319993585348	104.830001831055
138.315625	6.96980021893978	104.930000305176
138.313515625	6.97660027071834	105.029998779297
138.327046875	6.98299985378981	105.129997253418
138.33	6.98999967426062	105.230003356934
138.28646875	6.99659995734692	105.330001831055
138.30465625	7.00320024043322	105.430000305176
138.30996875	7.00980005785823	105.529998779297
138.28096875	7.01660010963678	105.629997253418
138.290890625	7.0231999270618	105.730003356934
138.29821875	7.02999997884035	105.830001831055
138.321375	7.03640002757311	105.930000305176
138.325109375	7.04300031065941	106.029998779297
138.31478125	7.05000013113022	106.129997253418
138.302140625	7.05659994855523	106.230003356934
138.308828125	7.06319976598024	106.330001831055
138.29059375	7.07000028342009	106.430000305176
138.309015625	7.07639986649156	106.529998779297
138.31409375	7.08319991827011	106.629997253418
138.301484375	7.08959996700287	106.730003356934
138.327421875	7.09639955312014	106.830001831055
138.321109375	7.10320007055998	106.930000305176
138.33625	7.10979988798499	107.029998779297
138.3364375	7.11639970541	107.129997253418
138.356203125	7.12319975718856	107.230003356934
138.384015625	7.12980004027486	107.330001831055
138.39046875	7.13640032336116	107.430000305176
138.40834375	7.14319990947843	107.529998779297
138.42503125	7.14979972690344	107.629997253418
138.45946875	7.15640000998974	107.730003356934
138.474671875	7.16320006176829	107.830001831055
138.4925625	7.16960011050105	107.930000305176
138.5246875	7.17640016227961	108.029998779297
138.56096875	7.18319974839687	108.129997253418
138.60125	7.18959979712963	108.230003356934
138.6234375	7.19660008326173	108.330001831055
138.67590625	7.20319990068674	108.430000305176
138.705546875	7.20979971811175	108.529998779297
138.7296875	7.21640000119805	108.629997253418
138.762796875	7.22320005297661	108.730003356934
138.800359375	7.22980033606291	108.830001831055
138.83921875	7.23640015348792	108.930000305176
138.88825	7.24319973960519	109.029998779297
138.909625	7.24959978833795	109.129997253418
138.9445	7.25660007447004	109.230003356934
138.994390625	7.2630001232028	109.330001831055
139.009265625	7.26959994062781	109.430000305176
139.0286875	7.27659976109862	109.529998779297
139.04153125	7.28319957852364	109.629997253418
139.056390625	7.28980032727122	109.730003356934
139.063265625	7.29640014469624	109.830001831055
139.097890625	7.30299996212125	109.930000305176
139.104359375	7.3098000138998	110.029998779297
139.104484375	7.31639983132482	110.129997253418
139.1409375	7.32280034571886	110.230003356934
139.163890625	7.32980016618967	110.330001831055
139.17915625	7.33639998361468	110.430000305176
139.197078125	7.3429998010397	110.529998779297
139.217171875	7.34980031847954	110.629997253418
139.239984375	7.35640013590455	110.730003356934
139.281296875	7.36320018768311	110.830001831055
139.29609375	7.36980000510812	110.930000305176
139.319734375	7.37639982253313	111.029998779297
139.353953125	7.38320033997297	111.129997253418
139.357546875	7.38980015739799	111.230003356934
139.41240625	7.396399974823	111.330001831055
139.440515625	7.40299979224801	111.430000305176
139.4815	7.40979984402657	111.529998779297
139.532234375	7.41660036146641	111.629997253418
139.548984375	7.42320017889142	111.730003356934
139.610515625	7.42979999631643	111.830001831055
139.65584375	7.43620004504919	111.930000305176
139.70959375	7.44299963116646	112.029998779297
139.73703125	7.4498001486063	112.129997253418
139.793359375	7.45639996603131	112.230003356934
139.821234375	7.46320001780987	112.330001831055
139.8698125	7.46960006654263	112.430000305176
139.887484375	7.47640011832118	112.529998779297
139.94609375	7.48320017009974	112.629997253418
