Ruta de archivo: C:\Users\ADVANTECH\Desktop\VALERIA MADERA\Ensayo en marcha 1 04-09-2025 09 50 29 a.m.\DAQ-Carga, … - (Temporizado).txt   
Ensayo: MTS STH Resistencia a la Compresión (ajuste de platinas) 687
Ensayo en marcha: Ensayo en marcha 1
Fecha: 04/09/2025 09:45:50 a.m.


Carga 	Actuador 	Tiempo 
kN	mm	seg
0.179133911132812	0.00380000005861802	0.439999997615814
0.580432861328125	0.0105999997686013	0.540000021457672
1.02659130859375	0.0172000000020489	0.639999985694885
1.43292993164062	0.023600001441082	0.740000009536743
1.85362915039063	0.0304000004689442	0.839999973773956
2.25883618164062	0.0370000016118865	0.939999997615814
2.646513671875	0.0437999988207594	1.03999996185303
3.03067895507813	0.0502000002597924	1.13999998569489
3.37882250976563	0.0571999989915639	1.24000000953674
3.7253046875	0.0637999983155169	1.3400000333786
4.04165771484375	0.0702000033925287	1.44000005722046
4.3522578125	0.0769999969634227	1.53999996185303
4.6065341796875	0.083800005086232	1.63999998569489
4.895220703125	0.0902000028872862	1.74000000953674
5.1399169921875	0.0970000037341379	1.8400000333786
5.37891943359375	0.103600003058091	1.94000005722046
5.61749658203125	0.110399996628985	2.03999996185303
5.8248388671875	0.116999995952938	2.14000010490417
6.03259521484375	0.123599995276891	2.24000000953674
6.2181494140625	0.130200001876801	2.33999991416931
6.40162646484375	0.136999995447695	2.44000005722046
6.5827578125	0.143600002047606	2.53999996185303
6.75724560546875	0.1503999956185	2.64000010490417
6.91698388671875	0.157199989189394	2.74000000953674
7.06961572265625	0.163599994266406	2.83999991416931
7.23585888671875	0.170600003912114	2.94000005722046
7.39827001953125	0.17699999443721	3.03999996185303
7.56265869140625	0.183599986485206	3.14000010490417
7.712705078125	0.190200007637031	3.24000000953674
7.87717578125	0.197000001207925	3.33999991416931
8.031884765625	0.203400006284937	3.44000005722046
8.18422314453125	0.210199999855831	3.53999996185303
8.35551171875	0.216999993426725	3.64000010490417
8.4952568359375	0.223800001549534	3.74000000953674
8.6808359375	0.23039999359753	3.83999991416931
8.85064453125	0.23700000019744	3.94000005722046
9.01109765625	0.243599992245436	4.03999996185303
9.1673828125	0.25040001492016	4.1399998664856
9.357205078125	0.257000006968156	4.23999977111816
9.52630859375	0.26380000053905	4.34000015258789
9.6867314453125	0.270399992587045	4.44000005722046
9.85859375	0.277000013738871	4.53999996185303
10.0527734375	0.283800007309765	4.6399998664856
10.233322265625	0.290199997834861	4.73999977111816
10.3933193359375	0.297199992928654	4.84000015258789
10.575177734375	0.303799984976649	4.94000005722046
10.7541005859375	0.310400006128475	5.03999996185303
10.9481494140625	0.316799996653572	5.1399998664856
11.1123349609375	0.323599990224466	5.23999977111816
11.3044033203125	0.33039998379536	5.34000015258789
11.4825556640625	0.337000004947186	5.44000005722046
11.690884765625	0.34379999851808	5.53999996185303
11.8515927734375	0.350199989043176	5.6399998664856
12.050001953125	0.356799981091172	5.73999977111816
12.2369052734375	0.363599974662066	5.84000015258789
12.4361416015625	0.37039999733679	5.94000005722046
12.6211064453125	0.377200020011514	6.03999996185303
12.840943359375	0.38380001205951	6.1399998664856
13.0090869140625	0.390400004107505	6.23999977111816
13.2089990234375	0.397000025259331	6.34000015258789
13.427791015625	0.403600017307326	6.44000005722046
13.6061376953125	0.41040001087822	6.53999996185303
13.8199814453125	0.417000002926216	6.6399998664856
14.0225361328125	0.423599994974211	6.73999977111816
14.2189951171875	0.430400017648935	6.84000015258789
14.4207392578125	0.437200011219829	6.94000005722046
14.6147919921875	0.443800003267825	7.03999996185303
14.8494765625	0.45039999531582	7.1399998664856
15.059787109375	0.456999987363815	7.23999977111816
15.243677734375	0.46380001003854	7.34000015258789
15.4746025390625	0.470400002086535	7.44000005722046
15.6778212890625	0.47699999413453	7.53999996185303
15.896841796875	0.483799987705424	7.6399998664856
16.1098583984375	0.49040000885725	7.73999977111816
16.3252216796875	0.497000000905246	7.84000015258789
16.5568359375	0.503599992953241	7.94000005722046
16.758912109375	0.510399986524135	8.03999996185303
16.99298046875	0.517000036779791	8.14000034332275
17.212857421875	0.523800030350685	8.23999977111816
17.4294375	0.53039996419102	8.34000015258789
17.650470703125	0.537000014446676	8.4399995803833
17.8692421875	0.54380000801757	8.53999996185303
18.102623046875	0.550400000065565	8.64000034332275
18.32073828125	0.55699999211356	8.73999977111816
18.53905859375	0.563599984161556	8.84000015258789
18.782435546875	0.57039997773245	8.9399995803833
18.9885078125	0.577000027988106	9.03999996185303
19.236265625	0.583800021559	9.14000034332275
19.43996875	0.590399955399334	9.23999977111816
19.667908203125	0.596800004132092	9.34000015258789
19.9056015625	0.603799999225885	9.4399995803833
20.1354921875	0.610400049481541	9.53999996185303
20.36396484375	0.616799981798977	9.64000034332275
20.591931640625	0.623799976892769	9.73999977111816
20.807896484375	0.630200025625527	9.84000015258789
21.05133984375	0.63720002071932	9.9399995803833
21.262888671875	0.643800012767315	10.039999961853
21.50134765625	0.65040000481531	10.1400003433228
21.72825	0.656999996863306	10.2399997711182
21.956513671875	0.6637999904342	10.3400001525879
22.210849609375	0.670400040689856	10.4399995803833
22.42899609375	0.67720003426075	10.539999961853
22.6411015625	0.683600024785846	10.6400003433228
22.889251953125	0.69040001835674	10.7399997711182
23.096861328125	0.697000010404736	10.8400001525879
23.333708984375	0.703600002452731	10.9399995803833
23.5520078125	0.710399996023625	11.039999961853
23.804552734375	0.71699998807162	11.1400003433228
24.0255859375	0.723599980119616	11.2399997711182
24.25946484375	0.730599975213408	11.3400001525879
24.478021484375	0.736999965738505	11.4399995803833
24.72526953125	0.743600015994161	11.539999961853
24.97044921875	0.750599952880293	11.6400003433228
25.195296875	0.757000001613051	11.7399997711182
25.43271484375	0.763800053391606	11.8400001525879
25.67776953125	0.7706000469625	11.9399995803833
25.906521484375	0.777199980802834	12.039999961853
26.172984375	0.783599971327931	12.1400003433228
26.398572265625	0.790400023106486	12.2399997711182
26.644296875	0.797000015154481	12.3400001525879
26.898625	0.803600007202476	12.4399995803833
27.141162109375	0.81040000077337	12.539999961853
27.36973046875	0.816999992821366	12.6400003433228
27.625794921875	0.823800044599921	12.7399997711182
27.860572265625	0.830200035125017	12.8400001525879
28.119896484375	0.837000028695911	12.9399995803833
28.391826171875	0.843800022266805	13.039999961853
28.610345703125	0.85039995610714	13.1400003433228
28.855017578125	0.856800004839897	13.2399997711182
29.124962890625	0.86379999993369	13.3400001525879
29.373494140625	0.870399991981685	13.4399995803833
29.635625	0.876799982506782	13.539999961853
29.887509765625	0.883800035808235	13.6400003433228
30.135494140625	0.890200026333332	13.7399997711182
30.409916015625	0.897000019904226	13.8400001525879
30.651146484375	0.90380001347512	13.9399995803833
30.92585546875	0.910399947315454	14.039999961853
31.179349609375	0.916799996048212	14.1400003433228
31.4502578125	0.923799991142005	14.2399997711182
31.705466796875	0.930400041397661	14.3400001525879
31.972529296875	0.936999975237995	14.4399995803833
32.235482421875	0.943799968808889	14.539999961853
32.51041015625	0.950200017541647	14.6400003433228
32.77833984375	0.957000011112541	14.7399997711182
33.0608046875	0.963600003160536	14.8400001525879
33.3205234375	0.97039999673143	14.9399995803833
33.588984375	0.977199990302324	15.039999961853
33.866640625	0.983600039035082	15.1400003433228
34.13217578125	0.990399974398315	15.2399997711182
34.4092890625	0.997000024653971	15.3400001525879
34.6937578125	1.00359995849431	15.4399995803833
34.97348828125	1.01040001027286	15.539999961853
35.2480546875	1.01699994411319	15.6400003433228
35.53479296875	1.02359999436885	15.7399997711182
35.81509375	1.03020004462451	15.8400001525879
36.121421875	1.03699997998774	15.9399995803833
36.40908203125	1.0438000317663	16.0400009155273
36.694515625	1.05019996408373	16.1399993896484
36.98736328125	1.05700001586229	16.2399997711182
37.27123828125	1.06340006459504	16.3400001525879
37.58487890625	1.07019999995828	16.4400005340576
37.86075	1.07679993379861	16.5400009155273
38.1872109375	1.08339998405427	16.6399993896484
38.4871640625	1.0901999194175	16.7399997711182
38.79315625	1.09660008456558	16.8400001525879
39.10721484375	1.10360002145171	16.9400005340576
39.39820703125	1.11020007170737	17.0400009155273
39.70283203125	1.1168000055477	17.1399993896484
40.01913671875	1.12339993938804	17.2399997711182
40.32466015625	1.12999998964369	17.3400001525879
40.63142578125	1.13680004142225	17.4400005340576
40.93796875	1.14320009015501	17.5400009155273
41.2475078125	1.15000002551824	17.6399993896484
41.559234375	1.15680007729679	17.7399997711182
41.85578515625	1.16340001113713	17.8400001525879
42.18194921875	1.16980005986989	17.9400005340576
42.49096484375	1.17679999675602	18.0400009155273
42.805953125	1.18320004548877	18.1399993896484
43.1190546875	1.19000009726733	18.2399997711182
43.42839453125	1.19680003263056	18.3400001525879
43.740859375	1.203199964948	18.4400005340576
44.06102734375	1.21019990183413	18.5400009155273
44.37164453125	1.21659995056689	18.6399993896484
44.6956875	1.22340000234544	18.7399997711182
45.0061484375	1.2300000526011	18.8400001525879
45.32293359375	1.23659998644143	18.9400005340576
45.64621484375	1.24360003974289	19.0400009155273
45.9498125	1.25020008999854	19.1399993896484
46.2781875	1.25660002231598	19.2399997711182
46.58848828125	1.26320007257164	19.3400001525879
46.89666015625	1.27000000793487	19.4400005340576
47.25009765625	1.27680005971342	19.5400009155273
47.55626953125	1.28359999507666	19.6399993896484
47.88673046875	1.28999992739409	19.7399997711182
48.2089765625	1.29659997764975	19.8400001525879
48.53478515625	1.3034000294283	19.9400005340576
48.86734765625	1.30999996326864	20.0400009155273
49.20063671875	1.31680001504719	20.1399993896484
49.49188671875	1.32319994736463	20.2399997711182
49.86364453125	1.32999999914318	20.3400001525879
50.17164453125	1.33679993450642	20.4400005340576
50.50940234375	1.34319998323917	20.5400009155273
50.8561875	1.35000003501773	20.6399993896484
51.16614453125	1.35679997038096	20.7399997711182
51.5284296875	1.36340002063662	20.8400001525879
51.84108203125	1.36999995447695	20.9400005340576
52.17528515625	1.37660000473261	21.0400009155273
52.5322890625	1.38339994009584	21.1399993896484
52.87103515625	1.3897999888286	21.2399997711182
53.21506640625	1.39660004060715	21.3400001525879
53.54179296875	1.40339997597039	21.4400005340576
53.87629296875	1.40999990981072	21.5400009155273
54.2036953125	1.41659996006638	21.6399993896484
54.54532421875	1.42320001032203	21.7399997711182
54.87673046875	1.42980006057769	21.8400001525879
55.2159765625	1.43679999746382	21.9400005340576
55.5558359375	1.44320004619658	22.0400009155273
55.90529296875	1.45019998308271	22.1399993896484
56.22713671875	1.45680003333837	22.2399997711182
56.5752734375	1.4631999656558	22.3400001525879
56.91080859375	1.47000001743436	22.4400005340576
57.26435546875	1.47660006769001	22.5400009155273
57.59868359375	1.48320000153035	22.6399993896484
57.9691640625	1.4900000533089	22.7399997711182
58.30450390625	1.49659998714924	22.8400001525879
58.627546875	1.50320003740489	22.9400005340576
58.99328515625	1.50999997276813	23.0400009155273
59.35552734375	1.51660002302378	23.1399993896484
59.69353515625	1.52359995990992	23.2399997711182
60.02735546875	1.52980000711977	23.3400001525879
60.39020703125	1.53659994248301	23.4400005340576
60.73165234375	1.54319999273866	23.5400009155273
61.0918125	1.5499999281019	23.6399993896484
61.43145703125	1.55659997835755	23.7399997711182
61.78216015625	1.56299991067499	23.8400001525879
62.152296875	1.57000008039176	23.9400005340576
62.50416015625	1.576800015755	24.0400009155273
62.8526796875	1.58340006601065	24.1399993896484
63.203171875	1.58999999985099	24.2399997711182
63.584046875	1.59660005010664	24.3400001525879
63.9231015625	1.60339998546988	24.4400005340576
64.26715625	1.61000003572553	24.5400009155273
64.64146875	1.61660008598119	24.6399993896484
65.00459765625	1.62340002134442	24.7399997711182
65.35334765625	1.62979995366186	24.8400001525879
65.7275859375	1.63700000848621	24.9400005340576
66.07296875	1.64339994080365	25.0400009155273
66.4364140625	1.6497999895364	25.1399993896484
66.806625	1.65680004283786	25.2399997711182
67.18215625	1.66340009309351	25.3400001525879
67.525421875	1.66980002541095	25.4400005340576
67.8881328125	1.67659996077418	25.5400009155273
68.2506484375	1.68320001102984	25.6399993896484
68.607921875	1.69000006280839	25.7399997711182
68.968234375	1.69659999664873	25.8400001525879
69.332578125	1.70319993048906	25.9400005340576
69.680359375	1.70999998226762	26.0400009155273
70.0567265625	1.71679991763085	26.1399993896484
70.4189609375	1.72319996636361	26.2399997711182
70.76890625	1.73000001814216	26.3400001525879
71.149359375	1.7367999535054	26.4400005340576
71.495078125	1.74320000223815	26.5400009155273
71.848796875	1.75000005401671	26.6399993896484
72.2143671875	1.75659998785704	26.7399997711182
72.61871875	1.76339992322028	26.8400001525879
72.9622109375	1.76999997347593	26.9400005340576
73.2900078125	1.77660002373159	27.0400009155273
73.6686171875	1.78320007398725	27.1399993896484
74.020953125	1.78980000782758	27.2399997711182
74.3981328125	1.79659994319081	27.3400001525879
74.7575859375	1.80319999344647	27.4400005340576
75.1058125	1.8099999288097	27.5400009155273
75.480796875	1.81659997906536	27.6399993896484
75.848796875	1.82299991138279	27.7399997711182
76.2081171875	1.82979996316135	27.8400001525879
76.567046875	1.83659989852458	27.9400005340576
76.9313515625	1.84339995030314	28.0400009155273
77.30278125	1.85000000055879	28.1399993896484
77.6540234375	1.85660005081445	28.2399997711182
78.00890625	1.86319998465478	28.3400001525879
78.36309375	1.87000003643334	28.4400005340576
78.72859375	1.87639996875077	28.5400009155273
79.0755234375	1.88320002052933	28.6399993896484
79.465171875	1.88999995589256	28.7399997711182
79.816453125	1.89660000614822	28.8400001525879
80.1739609375	1.90339994151145	28.9400005340576
80.5216484375	1.90980010665953	29.0400009155273
80.89046875	1.91660004202276	29.1399993896484
81.2286015625	1.92340009380132	29.2399997711182
81.573859375	1.92980002611876	29.3400001525879
81.9207109375	1.93640007637441	29.4400005340576
82.29409375	1.94340001326054	29.5400009155273
82.653796875	1.9498000619933	29.6399993896484
83.0029765625	1.95659999735653	29.7399997711182
83.37478125	1.96320004761219	29.8400001525879
83.71715625	1.96980009786785	29.9400005340576
84.0574453125	1.97679991833866	30.0400009155273
84.4125	1.98319996707141	30.1399993896484
84.7631953125	1.99000001884997	30.2399997711182
85.1333984375	1.99660006910563	30.3400001525879
85.4530625	2.00340012088418	30.4400005340576
85.8179140625	2.00999993830919	30.5400009155273
86.1547265625	2.01659998856485	30.6399993896484
86.5106328125	2.0234000403434	30.7399997711182
86.8431015625	2.02979985624552	30.8400001525879
87.2557734375	2.03660014085472	30.9400005340576
87.5811171875	2.04299995675683	31.0400009155273
87.9271328125	2.05000001005828	31.1399993896484
88.2604140625	2.05660006031394	31.2399997711182
88.6142109375	2.0632001105696	31.3400001525879
88.958046875	2.06979992799461	31.4400005340576
89.288234375	2.07659997977316	31.5400009155273
89.6200234375	2.08320003002882	31.6399993896484
90.000703125	2.08999984897673	31.7399997711182
90.3070390625	2.09660013206303	31.8400001525879
90.655234375	2.10359995253384	31.9400005340576
90.985640625	2.1100000012666	32.0400009155273
91.31828125	2.11660005152225	32.1399993896484
91.65340625	2.12319986894727	32.2400016784668
91.985921875	2.13000015355647	32.3400001525879
92.332953125	2.13679997250438	32.439998626709
92.67021875	2.14340002276003	32.5400009155273
93.0060859375	2.15000007301569	32.6399993896484
93.34428125	2.1565998904407	32.7400016784668
93.6615546875	2.16339994221926	32.8400001525879
94.0235234375	2.16999999247491	32.939998626709
94.34875	2.17660004273057	33.0400009155273
94.6947109375	2.18339986167848	33.1399993896484
95.039421875	2.19000014476478	33.2400016784668
95.3528046875	2.19659996218979	33.3400001525879
95.6864296875	2.2033997811377	33.439998626709
96.022171875	2.210000064224	33.5400009155273
96.3375703125	2.21639988012612	33.6399993896484
96.6718828125	2.22340016625822	33.7400016784668
96.9919296875	2.22999998368323	33.8400001525879
97.3300234375	2.23660003393888	33.939998626709
97.6286875	2.24320008419454	34.0400009155273
97.9633671875	2.24979990161955	34.1399993896484
98.276625	2.25659995339811	34.2400016784668
98.58721875	2.26320000365376	34.3400001525879
98.9044296875	2.26980005390942	34.439998626709
99.21996875	2.27679987438023	34.5400009155273
99.509375	2.28319992311299	34.6399993896484
99.8305	2.28979997336864	34.7400016784668
100.1426640625	2.2966000251472	34.8400001525879
100.428078125	2.30320007540286	34.939998626709
100.753703125	2.30999989435077	35.0400009155273
101.044828125	2.31660017743707	35.1399993896484
101.33203125	2.32339999638498	35.2400016784668
101.6408046875	2.32979981228709	35.3400001525879
101.923609375	2.33660009689629	35.439998626709
102.2210546875	2.3431999143213	35.5400009155273
102.514828125	2.34999996609986	35.6399993896484
102.7943984375	2.35660001635551	35.7400016784668
103.0907421875	2.36319983378053	35.8400001525879
103.3876328125	2.36999988555908	35.939998626709
103.6570078125	2.37659993581474	36.0400009155273
103.910484375	2.38319998607039	36.1399993896484
104.1953203125	2.39000003784895	36.2400016784668
104.457234375	2.39660008810461	36.3400001525879
104.73959375	2.40339990705252	36.439998626709
105.0124453125	2.41000019013882	36.5400009155273
105.25359375	2.41640000604093	36.6399993896484
105.514	2.42319982498884	36.7400016784668
105.7834921875	2.43000010959804	36.8400001525879
106.048578125	2.43659992702305	36.939998626709
106.3044921875	2.44339997880161	37.0400009155273
106.5755234375	2.44980002753437	37.1399993896484
106.805921875	2.45659984648228	37.2400016784668
107.06225	2.46339989826083	37.3400001525879
107.303171875	2.46979994699359	37.439998626709
107.5508359375	2.47680000029504	37.5400009155273
107.7838203125	2.4834000505507	37.6399993896484
108.03425	2.48979986645281	37.7400016784668
108.2863515625	2.49659991823137	37.8400001525879
108.516015625	2.50319996848702	37.939998626709
108.7814609375	2.51020002178848	38.0400009155273
109.0006875	2.51659983769059	38.1399993896484
109.265015625	2.52320012077689	38.2400016784668
109.479375	2.5299999397248	38.3400001525879
109.7510078125	2.5366002228111	38.439998626709
109.9710546875	2.54320004023612	38.5400009155273
110.20959375	2.54999985918403	38.6399993896484
110.4510546875	2.55679991096258	38.7400016784668
110.6773671875	2.56319995969534	38.8400001525879
110.9155234375	2.569800009951	38.939998626709
111.145328125	2.57680006325245	39.0400009155273
111.405203125	2.58340011350811	39.1399993896484
111.6445	2.59019993245602	39.2400016784668
111.8790078125	2.59659998118877	39.3400001525879
112.107171875	2.60320003144443	39.439998626709
112.3476015625	2.60980008170009	39.5400009155273
112.56946875	2.61660013347864	39.6399993896484
112.779359375	2.62319995090365	39.7400016784668
113.01615625	2.63000000268221	39.8400001525879
113.2147421875	2.63660005293787	39.939998626709
113.4170546875	2.64339987188578	40.0400009155273
113.62940625	2.65000015497208	40.1399993896484
113.8322578125	2.65659997239709	40.2400016784668
114.0221796875	2.66360002569854	40.3400001525879
114.22396875	2.6700000744313	40.439998626709
114.40809375	2.67639989033341	40.5400009155273
114.6462109375	2.68319994211197	40.6399993896484
114.8409375	2.68999999389052	40.7400016784668
115.0559609375	2.69660004414618	40.8400001525879
115.25053125	2.70320009440184	40.939998626709
115.437578125	2.71000014618039	41.0400009155273
115.6548359375	2.7165999636054	41.1399993896484
115.858796875	2.72340001538396	41.2400016784668
116.0590546875	2.72980006411672	41.3400001525879
116.2406796875	2.73659988306463	41.439998626709
116.43975	2.74320016615093	41.5400009155273
116.611671875	2.74979998357594	41.6399993896484
116.8369296875	2.75659980252385	41.7400016784668
117.005984375	2.76340008713305	41.8400001525879
117.1835625	2.76979990303516	41.939998626709
117.3679453125	2.77679995633662	42.0400009155273
117.546	2.78340000659227	42.1399993896484
117.732484375	2.79000005684793	42.2400016784668
117.897234375	2.79660010710359	42.3400001525879
118.1095703125	2.8031999245286	42.439998626709
118.2749765625	2.80999997630715	42.5400009155273
118.461921875	2.81680002808571	42.6399993896484
118.62328125	2.82340007834136	42.7400016784668
118.8284296875	2.82999989576638	42.8400001525879
118.9907265625	2.83680018037558	42.939998626709
119.1736328125	2.84319999627769	43.0400009155273
119.335546875	2.8499998152256	43.1399993896484
119.5137421875	2.8566000983119	43.2400016784668
119.686375	2.86339991725981	43.3400001525879
119.8273203125	2.86980019882321	43.439998626709
120.045046875	2.87680001929402	43.5400009155273
120.177109375	2.88319983519614	43.6399993896484
120.3465859375	2.89000011980534	43.7400016784668
120.5150078125	2.89679993875325	43.8400001525879
120.671	2.903199987486	43.939998626709
120.8460859375	2.91020004078746	44.0400009155273
120.9968046875	2.91660008952022	44.1399993896484
121.15984375	2.92319990694523	44.2400016784668
121.316171875	2.92999995872378	44.3400001525879
121.455234375	2.93660000897944	44.439998626709
121.6307578125	2.94339982792735	44.5400009155273
121.7518984375	2.95000011101365	44.6399993896484
121.9160703125	2.95679992996156	44.7400016784668
122.0710390625	2.96339998021722	44.8400001525879
122.2219140625	2.97000003047287	44.939998626709
122.360984375	2.97659984789789	45.0400009155273
122.498703125	2.98340013250709	45.1399993896484
122.6761796875	2.9899999499321	45.2400016784668
122.8173125	2.99660000018775	45.3400001525879
122.944765625	3.00320005044341	45.439998626709
123.12309375	3.00979986786842	45.5400009155273
123.2617109375	3.01679992116988	45.6399993896484
123.4186015625	3.02339997142553	45.7400016784668
123.578125	3.02980002015829	45.8400001525879
123.7153671875	3.0367998406291	45.939998626709
123.8568046875	3.0434001237154	46.0400009155273
124.00746875	3.04979993961751	46.1399993896484
124.1742578125	3.05679999291897	46.2400016784668
124.307109375	3.06340004317462	46.3400001525879
124.435546875	3.06999986059964	46.439998626709
124.587734375	3.07680014520884	46.5400009155273
124.7273046875	3.08339996263385	46.6399993896484
124.8582109375	3.0900000128895	46.7400016784668
125.000296875	3.09660006314516	46.8400001525879
125.1417265625	3.10319988057017	46.939998626709
125.2683359375	3.10999993234873	47.0400009155273
125.388765625	3.11659998260438	47.1399993896484
125.56003125	3.12320003286004	47.2400016784668
125.6838125	3.1300000846386	47.3400001525879
125.7934453125	3.13659990206361	47.439998626709
125.9572421875	3.14319995231926	47.5400009155273
126.10128125	3.15000000409782	47.6399993896484
126.2259765625	3.15660005435348	47.7400016784668
126.367609375	3.16319987177849	47.8400001525879
126.5174609375	3.17000015638769	47.939998626709
126.6172109375	3.1765999738127	48.0400009155273
126.755890625	3.18340002559125	48.1399993896484
126.886578125	3.19020007736981	48.2400016784668
127.0167109375	3.19659989327192	48.3400001525879
127.1533203125	3.20339994505048	48.439998626709
127.281859375	3.20999999530613	48.5400009155273
127.37565625	3.21660004556179	48.6399993896484
127.505203125	3.22340009734035	48.7400016784668
127.604421875	3.22999991476536	48.8400001525879
127.7106015625	3.23659996502101	48.939998626709
127.8279609375	3.24320001527667	49.0400009155273
127.9310859375	3.25000006705523	49.1399993896484
128.00309375	3.25659988448024	49.2400016784668
128.1091953125	3.26340016908944	49.3400001525879
128.19271875	3.26999998651445	49.439998626709
128.2807890625	3.27659980393946	49.5400009155273
128.3583359375	3.28300008550286	49.6399993896484
128.4794921875	3.28999990597367	49.7400016784668
128.5354140625	3.29679995775223	49.8400001525879
128.585515625	3.30340000800788	49.939998626709
128.6663203125	3.31020005978644	50.0400009155273
128.726453125	3.3168001100421	50.1399993896484
128.7657890625	3.32339992746711	50.2400016784668
128.8238515625	3.32999997772276	50.3400001525879
128.882359375	3.33660002797842	50.439998626709
128.958703125	3.34320007823408	50.5400009155273
129.0124453125	3.34999989718199	50.6399993896484
129.05678125	3.35680018179119	50.7400016784668
129.069796875	3.3631999976933	50.8400001525879
129.107171875	3.36999981664121	50.939998626709
129.132671875	3.37660009972751	51.0400009155273
129.189984375	3.38339991867542	51.1399993896484
129.2183828125	3.39019997045398	51.2400016784668
129.210484375	3.39680002070963	51.3400001525879
129.22271875	3.40339983813465	51.439998626709
129.230375	3.41020012274384	51.5400009155273
129.243375	3.41679994016886	51.6399993896484
129.245859375	3.42339999042451	51.7400016784668
129.2578828125	3.43020004220307	51.8400001525879
129.2325078125	3.43659985810518	51.939998626709
129.2308671875	3.44339990988374	52.0400009155273
129.25596875	3.45020019449294	52.1399993896484
129.25278125	3.45680001191795	52.2400016784668
129.2443515625	3.46320006065071	52.3400001525879
129.2513828125	3.47020011395216	52.439998626709
129.26378125	3.47659992985427	52.5400009155273
129.3179296875	3.48340021446347	52.6399993896484
129.33009375	3.49000003188848	52.7400016784668
129.3521953125	3.4967998508364	52.8400001525879
129.40109375	3.5034001339227	52.939998626709
129.4332421875	3.50999995134771	53.0400009155273
129.5024609375	3.51680000312626	53.1399993896484
129.558203125	3.52340005338192	53.2400016784668
129.6132109375	3.52999987080693	53.3400001525879
129.663421875	3.53679992258549	53.439998626709
129.7408828125	3.54339997284114	53.5400009155273
129.806109375	3.5500000230968	53.6399993896484
129.866734375	3.55660007335246	53.7400016784668
129.9290546875	3.56340012513101	53.8400001525879
129.9820859375	3.56979994103312	53.939998626709
130.0509375	3.57699999585748	54.0400009155273
130.1014140625	3.58340004459023	54.1399993896484
130.1348671875	3.58999986201525	54.2400016784668
130.1820546875	3.59680014662445	54.3400001525879
130.2280234375	3.60339996404946	54.439998626709
130.2737265625	3.60999978147447	54.5400009155273
130.292359375	3.61680006608367	54.6399993896484
130.3165234375	3.62339988350868	54.7400016784668
130.3485390625	3.63000016659498	54.8400001525879
130.3748671875	3.63679998554289	54.939998626709
130.4127109375	3.64320003427565	55.0400009155273
130.42078125	3.65019985474646	55.1399993896484
130.45553125	3.65680013783276	55.2400016784668
130.4683359375	3.66339995525777	55.3400001525879
130.5223984375	3.67000000551343	55.439998626709
130.552484375	3.67680005729198	55.5400009155273
130.622015625	3.683399874717	55.6399993896484
130.643	3.68979992344975	55.7400016784668
130.7095703125	3.69659997522831	55.8400001525879
130.7502890625	3.70320002548397	55.939998626709
130.81234375	3.71020007878542	56.0400009155273
130.8586796875	3.71659989468753	56.1399993896484
130.9166328125	3.72340017929673	56.2400016784668
130.9655390625	3.72999999672174	56.3400001525879
131.02596875	3.73659981414676	56.439998626709
131.07328125	3.74340009875596	56.5400009155273
131.13690625	3.74999991618097	56.6399993896484
131.182015625	3.75679996795952	56.7400016784668
131.21871875	3.76340001821518	56.8400001525879
131.264421875	3.77000006847084	56.939998626709
131.308140625	3.77659988589585	57.0400009155273
131.360921875	3.78340017050505	57.1399993896484
131.40834375	3.78999998793006	57.2400016784668
131.467046875	3.79660003818572	57.3400001525879
131.513203125	3.80320008844137	57.439998626709
131.573609375	3.80999990738928	57.5400009155273
131.637265625	3.81680019199848	57.6399993896484
131.7075625	3.82340000942349	57.7400016784668
131.781953125	3.82999982684851	57.8400001525879
131.869984375	3.83660010993481	57.939998626709
131.918890625	3.84319992735982	58.0400009155273
132.02128125	3.84999997913837	58.1399993896484
132.10746875	3.85660002939403	58.2400016784668
132.17815625	3.86340008117259	58.3400001525879
132.270625	3.8699998985976	58.439998626709
132.35846875	3.87659994885325	58.5400009155273
132.438421875	3.88340000063181	58.6399993896484
132.529234375	3.89000005088747	58.7400016784668
132.624484375	3.89660010114312	58.8400001525879
132.730703125	3.90339992009103	58.939998626709
132.810296875	3.90999997034669	59.0400009155273
132.9015625	3.91680002212524	59.1399993896484
132.98190625	3.923200070858	59.2400016784668
133.066578125	3.93000012263656	59.3400001525879
133.158734375	3.93680017441511	59.439998626709
133.24159375	3.94320022314787	59.5400009155273
133.356203125	3.95000027492642	59.6399993896484
133.419109375	3.95660009235144	59.7400016784668
133.4961875	3.96319990977645	59.8400001525879
133.60521875	3.969999961555	59.939998626709
133.696546875	3.97659977898002	60.0400009155273
133.7975625	3.98320006206632	60.1399993896484
133.886828125	3.99000011384487	60.2400016784668
133.951078125	3.99680016562343	60.3400001525879
134.023609375	4.00320021435618	60.439998626709
134.084234375	4.01000026613474	60.5400009155273
134.17421875	4.01660008355975	60.6399993896484
134.257953125	4.02319990098476	60.7400016784668
134.341484375	4.03000041842461	60.8400001525879
134.406328125	4.03660023584962	60.939998626709
134.460359375	4.04360005632043	61.0400009155273
134.52428125	4.05000010505319	61.1399993896484
134.602265625	4.0565999224782	61.2400016784668
134.66178125	4.06339997425675	61.3400001525879
134.7366875	4.07000025734305	61.439998626709
134.809859375	4.07679984346032	61.5400009155273
134.850625	4.08339966088533	61.6399993896484
134.917828125	4.08999994397163	61.7400016784668
134.981703125	4.09660022705793	61.8400001525879
135.055625	4.10340027883649	61.939998626709
135.13153125	4.11019986495376	62.0400009155273
135.18625	4.11679968237877	62.1399993896484
135.24490625	4.12340043112636	62.2400016784668
135.29390625	4.12980001419783	62.3400001525879
135.377125	4.13660006597638	62.439998626709
135.4373125	4.14340011775494	62.5400009155273
135.505921875	4.14999993517995	62.6399993896484
135.565390625	4.15660021826625	62.7400016784668
135.635171875	4.1634002700448	62.8400001525879
135.663015625	4.17000008746982	62.939998626709
135.741390625	4.17679967358708	63.0400009155273
135.79884375	4.18339995667338	63.1399993896484
135.845453125	4.19000023975968	63.2400016784668
135.900546875	4.19680029153824	63.3400001525879
135.98290625	4.20319987460971	63.439998626709
136.02909375	4.21019969508052	63.5400009155273
136.098734375	4.21659974381328	63.6399993896484
136.15753125	4.22320002689958	63.7400016784668
136.247328125	4.23000007867813	63.8400001525879
136.26190625	4.23659989610314	63.939998626709
136.3396875	4.24319971352816	64.0400009155273
136.41075	4.25019999966025	64.1399993896484
136.4483125	4.25660004839301	64.2399978637695
136.508421875	4.26340010017157	64.3399963378906
136.582359375	4.27019968628883	64.4400024414063
136.616125	4.27659973502159	64.5400009155273
136.6876875	4.28320001810789	64.6399993896484
136.741765625	4.29020030423999	64.7399978637695
136.8099375	4.29659988731146	64.8399963378906
136.8441875	4.30339993909001	64.9400024414063
136.89540625	4.30999975651503	65.0400009155273
136.9443125	4.31660003960133	65.1399993896484
137.006421875	4.32359986007214	65.2399978637695
137.044875	4.32999990880489	65.3399963378906
137.092640625	4.33659972622991	65.4400024414063
137.1484375	4.34320000931621	65.5400009155273
137.193234375	4.35000006109476	65.6399993896484
137.22421875	4.35659987851977	65.7399978637695
137.27309375	4.36339993029833	65.8399963378906
137.3039375	4.36999974772334	65.9400024414063
137.343421875	4.37680026516318	66.0400009155273
137.40015625	4.3834000825882	66.1399993896484
137.421859375	4.38999990001321	66.2399978637695
137.453359375	4.39659971743822	66.3399963378906
137.51840625	4.40320000052452	66.4400024414063
137.56403125	4.40980028361082	66.5400009155273
137.586953125	4.41660033538938	66.6399993896484
137.612296875	4.42339992150664	66.7399978637695
137.657140625	4.4297999702394	66.8399963378906
137.67521875	4.43679979071021	66.9400024414063
137.7241875	4.44360030815005	67.0400009155273
137.74375	4.44980012252927	67.1399993896484
137.790140625	4.45679994300008	67.2399978637695
137.83090625	4.46339976042509	67.3399963378906
137.850796875	4.4699995778501	67.4400024414063
137.8809375	4.47680009528995	67.5400009155273
137.909890625	4.4832001440227	67.6399993896484
137.9434375	4.49019996449351	67.7399978637695
137.963484375	4.49660001322627	67.8399963378906
137.979625	4.50340006500483	67.9400024414063
138.005453125	4.51000034809113	68.0400009155273
138.024046875	4.51679993420839	68.1399993896484
138.0330625	4.52339975163341	68.2399978637695
138.05728125	4.53019980341196	68.3399963378906
138.11090625	4.53660031780601	68.4400024414063
138.12209375	4.54320013523102	68.5400009155273
138.1251875	4.55019995570183	68.6399993896484
138.12628125	4.55660000443459	68.7399978637695
138.132625	4.56339959055185	68.8399963378906
138.149671875	4.5702001079917	68.9400024414063
138.13325	4.57660015672445	69.0400009155273
138.134890625	4.58319997414947	69.1399993896484
138.136796875	4.59000002592802	69.2399978637695
138.124984375	4.59680007770658	69.3399963378906
138.139515625	4.60340036079288	69.4400024414063
138.11478125	4.61000017821789	69.5400009155273
138.12484375	4.6165999956429	69.6399993896484
138.105578125	4.62319981306791	69.7399978637695
138.105875	4.63000033050776	69.8399963378906
138.08865625	4.63660014793277	69.9400024414063
138.090421875	4.64340019971132	70.0400009155273
138.078984375	4.65000001713634	70.1399993896484
138.045390625	4.65659983456135	70.2399978637695
138.027703125	4.66340035200119	70.3399963378906
138.012296875	4.66979993507266	70.4400024414063
138.01440625	4.67659998685122	70.5400009155273
137.998234375	4.68319980427623	70.6399993896484
137.9918125	4.68979962170124	70.7399978637695
137.956359375	4.69680037349463	70.8399963378906
137.924375	4.70340019091964	70.9400024414063
137.902625	4.71000000834465	71.0400009155273
137.88690625	4.71659982576966	71.1399993896484
137.853671875	4.72340034320951	71.2399978637695
137.7984375	4.73000016063452	71.3399963378906
137.766203125	4.73659997805953	71.4400024414063
137.712421875	4.74319979548454	71.5400009155273
137.68553125	4.74980007857084	71.6399993896484
137.638234375	4.75680036470294	71.7399978637695
137.57584375	4.76319994777441	71.8399963378906
137.53725	4.76980023086071	71.9400024414063
137.458359375	4.77680005133152	72.0400009155273
137.401109375	4.78319963440299	72.1399993896484
137.346953125	4.79020038619637	72.2399978637695
137.28984375	4.79659996926785	72.3399963378906
137.230375	4.8034000210464	72.4400024414063
137.1845	4.80999983847141	72.5400009155273
137.124296875	4.81659965589643	72.6399993896484
137.041609375	4.82340017333627	72.7399978637695
136.99425	4.82999999076128	72.8399963378906
136.946	4.83659980818629	72.9400024414063
136.877453125	4.84339985996485	73.0400009155273
136.816421875	4.85020037740469	73.1399993896484
136.741875	4.85659996047616	73.2399978637695
136.691921875	4.86340001225471	73.3399963378906
136.642515625	4.86999982967973	73.4400024414063
136.585453125	4.87659964710474	73.5400009155273
136.5198125	4.88360039889812	73.6399993896484
136.4358125	4.88999998196959	73.7399978637695
136.404109375	4.89659979939461	73.8399963378906
136.3520625	4.90339985117316	73.9400024414063
136.309890625	4.90999966859818	74.0400009155273
136.254421875	4.91660041734576	74.1399993896484
136.19809375	4.92340000346303	74.2399978637695
136.152515625	4.92999982088804	74.3399963378906
136.095140625	4.93660010397434	74.4400024414063
136.023140625	4.94339969009161	74.5400009155273
135.97496875	4.94999997317791	74.6399993896484
135.896125	4.95680002495646	74.7399978637695
135.83446875	4.96339984238148	74.8399963378906
135.7515	4.96999965980649	74.9400024414063
135.69096875	4.97659994289279	75.0400009155273
135.631734375	4.98339999467134	75.1399993896484
135.540921875	4.98999981209636	75.2399978637695
135.431875	4.99679986387491	75.3399963378906
135.3614375	5.00339968129992	75.4400024414063
135.2475	5.01000043004751	75.5400009155273
135.163296875	5.01680001616478	75.6399993896484
135.058625	5.02339983358979	75.7399978637695
134.957234375	5.03019988536835	75.8399963378906
134.834078125	5.03679970279336	75.9400024414063
134.752046875	5.04339998587966	76.0400009155273
134.65103125	5.05020003765821	76.1399993896484
134.54784375	5.05679985508323	76.2399978637695
134.4360625	5.06339967250824	76.3399963378906
134.330609375	5.07020018994808	76.4400024414063
134.219234375	5.07660023868084	76.5400009155273
134.11515625	5.08339982479811	76.6399993896484
134.027875	5.09019987657666	76.7399978637695
133.929265625	5.09679969400167	76.8399963378906
133.844359375	5.10340044274926	76.9400024414063
133.750640625	5.11020002886653	77.0400009155273
133.6446875	5.11660007759929	77.1399993896484
133.536203125	5.12340012937784	77.2399978637695
133.469921875	5.13019971549511	77.3399963378906
133.3576875	5.13679999858141	77.4400024414063
133.278703125	5.14360005035996	77.5400009155273
133.18784375	5.15000009909272	77.6399993896484
133.083125	5.15679968520999	77.7399978637695
132.99696875	5.16339996829629	77.8399963378906
132.907265625	5.17000025138259	77.9400024414063
132.812921875	5.1770000718534	78.0400009155273
132.756859375	5.18359988927841	78.1399993896484
132.640703125	5.18999993801117	78.2399978637695
132.570796875	5.19680045545101	78.3399963378906
132.451421875	5.20320003852248	78.4400024414063
132.3659375	5.21019985899329	78.5400009155273
132.2621875	5.21659990772605	78.6399993896484
132.1453125	5.2233999595046	78.7399978637695
132.06996875	5.2300002425909	78.8399963378906
131.966640625	5.23680029436946	78.9400024414063
131.86253125	5.24340011179447	79.0400009155273
131.7556875	5.25019969791174	79.1399993896484
131.657328125	5.25699974969029	79.2399978637695
131.551765625	5.26340026408434	79.3399963378906
131.469078125	5.27040008455515	79.4400024414063
131.366453125	5.27680013328791	79.5400009155273
131.26365625	5.28359971940517	79.6399993896484
131.17534375	5.28999976813793	79.7399978637695
131.08540625	5.29680028557777	79.8399963378906
131.0051171875	5.30340010300279	79.9400024414063
130.91178125	5.31020015478134	80.0400009155273
130.8428671875	5.31679997220635	80.1399993896484
130.755609375	5.32339978963137	80.2399978637695
130.679546875	5.33020030707121	80.3399963378906
130.6003984375	5.33680012449622	80.4400024414063
130.5195234375	5.34359971061349	80.5400009155273
130.4359296875	5.35019999369979	80.6399993896484
130.3539453125	5.35680027678609	80.7399978637695
130.2727109375	5.36359986290336	80.8399963378906
130.1758046875	5.37020014598966	80.9400024414063
130.1002421875	5.37679996341467	81.0400009155273
130.019515625	5.38360001519322	81.1399993896484
129.9260234375	5.39040006697178	81.2399978637695
129.82703125	5.39680011570454	81.3399963378906
129.717546875	5.40360016748309	81.4400024414063
129.6290546875	5.4101999849081	81.5400009155273
129.5282109375	5.41679980233312	81.6399993896484
129.443734375	5.42360031977296	81.7399978637695
129.282859375	5.43020013719797	81.8399963378906
129.1633125	5.43719995766878	81.9400024414063
129.0165546875	5.44360000640154	82.0400009155273
128.8466015625	5.45020028948784	82.1399993896484
128.7429296875	5.45699987560511	82.2399978637695
128.568765625	5.46360015869141	82.3399963378906
128.450390625	5.47039974480867	82.4400024414063
128.3185546875	5.47700002789497	82.5400009155273
128.1849609375	5.48340007662773	82.6399993896484
128.06978125	5.49020012840629	82.7399978637695
127.9265546875	5.49700018018484	82.8399963378906
127.8128203125	5.50359999760985	82.9400024414063
127.6928125	5.51040004938841	83.0400009155273
127.6095	5.51700033247471	83.1399993896484
127.5036015625	5.52360014989972	83.2399978637695
127.3959375	5.53019996732473	83.3399963378906
127.318765625	5.53719978779554	83.4400024414063
127.185375	5.54360030218959	83.5400009155273
127.139453125	5.55039988830686	83.6399993896484
127.0318671875	5.55679993703961	83.7399978637695
126.9568828125	5.56339975446463	83.8399963378906
126.961171875	5.57059980928898	83.9400024414063
126.8661796875	5.57720009237528	84.0400009155273
126.8135390625	5.58400014415383	84.1399993896484
126.721578125	5.5907997302711	84.2399978637695
126.6303046875	5.59719977900386	84.3399963378906
126.57525	5.6040002964437	84.4400024414063
126.484046875	5.61060011386871	84.5400009155273
126.433453125	5.61740016564727	84.6399993896484
126.3475546875	5.62399998307228	84.7399978637695
126.292921875	5.63059980049729	84.8399963378906
126.245921875	5.63740031793714	84.9400024414063
126.174375	5.64400013536215	85.0400009155273
126.1538203125	5.65059995278716	85.1399993896484
126.0745078125	5.65719977021217	85.2399978637695
126.035734375	5.66420005634427	85.3399963378906
125.98596875	5.67080033943057	85.4400024414063
125.9340234375	5.67740015685558	85.5400009155273
125.877609375	5.6835999712348	85.6399993896484
125.841796875	5.69080002605915	85.7399978637695
125.768546875	5.69719960913062	85.8399963378906
125.7206953125	5.70400012657046	85.9400024414063
125.701046875	5.71080017834902	86.0400009155273
125.6473046875	5.71739999577403	86.1399993896484
125.5959609375	5.72399981319904	86.2399978637695
125.5441328125	5.73060009628534	86.3399963378906
125.4951875	5.7374001480639	86.4400024414063
125.4509765625	5.74399996548891	86.5400009155273
125.4098046875	5.75059978291392	86.6399993896484
125.348453125	5.75719960033894	86.7399978637695
125.3304921875	5.76420035213232	86.8399963378906
125.273796875	5.77059993520379	86.9400024414063
125.2259296875	5.77720021829009	87.0400009155273
125.225625	5.78399980440736	87.1399993896484
125.16684375	5.7908003218472	87.2399978637695
125.107359375	5.79740013927221	87.3399963378906
125.04434375	5.80399995669723	87.4400024414063
124.998125	5.81080000847578	87.5400009155273
124.9253515625	5.81720005720854	87.6399993896484
124.911671875	5.82400010898709	87.7399978637695
124.852578125	5.83080016076565	87.8399963378906
124.7804765625	5.83720020949841	87.9400024414063
124.7637734375	5.84399979561567	88.0400009155273
124.710109375	5.85079984739423	88.1399993896484
124.63503125	5.85720036178827	88.2399978637695
124.6073203125	5.86399994790554	88.3399963378906
124.5713515625	5.8707999996841	88.4400024414063
124.537484375	5.87720004841685	88.5400009155273
124.4987890625	5.88399963453412	88.6399993896484
124.4465390625	5.89080015197396	88.7399978637695
124.42478125	5.89739996939898	88.8399963378906
124.3901875	5.90380001813173	88.9400024414063
124.33984375	5.91060006991029	89.0400009155273
124.324	5.91739965602756	89.1399993896484
124.2802578125	5.92399993911386	89.2399978637695
124.2335546875	5.93060022220016	89.3399963378906
124.232046875	5.93720003962517	89.4400024414063
124.1868203125	5.94419986009598	89.5400009155273
124.166109375	5.95060037449002	89.6399993896484
124.133875	5.95720019191504	89.7399978637695
124.1270703125	5.96420001238585	89.8399963378906
124.1030625	5.97079982981086	89.9400024414063
124.071625	5.97739964723587	90.0400009155273
124.023765625	5.98380016162992	90.1399993896484
123.9835546875	5.99079998210073	90.2399978637695
123.94303125	5.99720003083348	90.3399963378906
123.9108046875	6.00419985130429	90.4400024414063
123.88121875	6.01059990003705	90.5400009155273
123.84359375	6.01720018312335	90.6399993896484
123.77775	6.02400023490191	90.7399978637695
123.7406484375	6.03060005232692	90.8399963378906
123.702125	6.03739963844419	90.9400024414063
123.666	6.04399992153049	91.0400009155273
123.631328125	6.05079997330904	91.1399993896484
123.5844375	6.05740025639534	91.2399978637695
123.5404921875	6.06379983946681	91.3399963378906
123.526	6.07059989124537	91.4400024414063
123.4452734375	6.07740040868521	91.5400009155273
123.421140625	6.08419999480247	91.6399993896484
123.3767734375	6.09060004353523	91.7399978637695
123.302921875	6.09719986096025	91.8399963378906
123.2774296875	6.1039999127388	91.9400024414063
123.2205234375	6.1106001958251	92.0400009155273
123.20153125	6.11740024760365	92.1399993896484
123.1321875	6.12419983372092	92.2399978637695
123.1044296875	6.13059988245368	92.3399963378906
123.064953125	6.13739993423223	92.4400024414063
123.0270234375	6.14400021731853	92.5400009155273
122.9995	6.15080026909709	92.6399993896484
122.9451171875	6.1574000865221	92.7399978637695
122.9008359375	6.16399990394711	92.8399963378906
122.8876953125	6.17080042138696	92.9400024414063
122.8256484375	6.17740023881197	93.0400009155273
122.7902265625	6.18380028754473	93.1399993896484
122.7564140625	6.19040010496974	93.2399978637695
122.7083984375	6.19739992544055	93.3399963378906
122.6826015625	6.20400020852685	93.4400024414063
122.6313828125	6.21060002595186	93.5400009155273
122.60490625	6.21740007773042	93.6399993896484
122.5637734375	6.22399989515543	93.7399978637695
122.519328125	6.23079994693398	93.8399963378906
122.46609375	6.23719999566674	93.9400024414063
122.4573359375	6.24420028179884	94.0400009155273
122.39515625	6.25059986487031	94.1399993896484
122.3601328125	6.25719968229532	94.2399978637695
122.3026015625	6.26420043408871	94.3399963378906
122.2703828125	6.27060001716018	94.4400024414063
122.2414140625	6.27740006893873	94.5400009155273
122.17371875	6.28399988636374	94.6399993896484
122.1536875	6.29059970378876	94.7399978637695
122.0945234375	6.2974002212286	94.8399963378906
122.04771875	6.30400003865361	94.9400024414063
122.0390625	6.31059985607862	95.0400009155273
121.9657734375	6.31739990785718	95.1399993896484
121.9299296875	6.32379995658994	95.2399978637695
121.8834765625	6.33080024272203	95.3399963378906
121.8443984375	6.33720029145479	95.4400024414063
121.7998671875	6.34399987757206	95.5400009155273
121.7565234375	6.35079992935061	95.6399993896484
121.6821015625	6.35739974677563	95.7399978637695
121.645171875	6.36400002986193	95.8399963378906
121.5744609375	6.37060031294823	95.9400024414063
121.4937734375	6.37720013037324	96.0400009155273
121.45703125	6.38399971649051	96.1399993896484
121.3353203125	6.39059999957681	96.2399978637695
121.2655859375	6.39720028266311	96.3399963378906
121.163109375	6.40399986878037	96.4400024414063
121.0711328125	6.41060015186667	96.5400009155273
120.9993984375	6.41719996929169	96.6399993896484
120.915359375	6.42399955540895	96.7399978637695
120.8400390625	6.4308000728488	96.8399963378906
120.7579375	6.43739989027381	96.9400024414063
120.644890625	6.44399970769882	97.0400009155273
120.5574296875	6.45059999078512	97.1399993896484
120.500984375	6.45740004256368	97.2399978637695
120.368625	6.46380009129643	97.3399963378906
120.2724765625	6.47079991176724	97.4400024414063
120.176515625	6.47739972919226	97.5400009155273
120.11965625	6.48400001227856	97.6399993896484
120.061828125	6.49080006405711	97.7399978637695
119.9614296875	6.49739988148212	97.8399963378906
119.921015625	6.50439970195293	97.9400024414063
119.87971875	6.51059998199344	98.0400009155273
119.8210546875	6.5173995681107	98.1399993896484
119.7841328125	6.52420008555055	98.2399978637695
119.700234375	6.53079990297556	98.3399963378906
119.6782109375	6.53739972040057	98.4400024414063
119.6331875	6.54379976913333	98.5400009155273
119.5882109375	6.55059982091188	98.6399993896484
119.545796875	6.55740033835173	98.7399978637695
119.49253125	6.56400015577674	98.8399963378906
119.4619921875	6.57059997320175	98.9400024414063
119.416890625	6.57719979062676	99.0400009155273
119.3773984375	6.58420007675886	99.1399993896484
119.312390625	6.59060012549162	99.2399978637695
119.2802890625	6.59740017727017	99.3399963378906
119.236109375	6.60399999469519	99.4400024414063
119.1796953125	6.6105998121202	99.5400009155273
119.144828125	6.61740032956004	99.6399993896484
119.089328125	6.62400014698505	99.7399978637695
119.07440625	6.63059996441007	99.8399963378906
118.9948359375	6.63740001618862	99.9400024414063
118.9627578125	6.64399983361363	100.040000915527
118.9431953125	6.65060011669993	100.139999389648
118.890390625	6.65740016847849	100.23999786377
118.86334375	6.6639999859035	100.339996337891
118.805109375	6.67080003768206	100.440002441406
118.7592734375	6.67740032076836	100.540000915527
118.69046875	6.68400013819337	100.639999389648
118.6529921875	6.69059995561838	100.73999786377
118.5858984375	6.69740000739694	100.839996337891
118.5631171875	6.70380005612969	100.940002441406
118.5241484375	6.71080034226179	101.040000915527
118.475015625	6.7174001596868	101.139999389648
118.4275	6.72399997711182	101.23999786377
118.3940625	6.73080002889037	101.339996337891
118.3495625	6.73739984631538	101.440002441406
118.293546875	6.74400012940168	101.540000915527
118.2607109375	6.7505999468267	101.639999389648
118.2222890625	6.75739999860525	101.73999786377
118.1680078125	6.76399981603026	101.839996337891
118.107453125	6.77080033347011	101.940002441406
118.0790625	6.77720038220286	102.040000915527
118.036421875	6.78399996832013	102.139999389648
117.9877421875	6.79080002009869	102.23999786377
117.98084375	6.79720006883144	102.339996337891
117.9265078125	6.80379988625646	102.440002441406
117.8768671875	6.81080017238855	102.540000915527
117.8578046875	6.81720022112131	102.639999389648
117.7989375	6.82380003854632	102.73999786377
117.7818828125	6.83059962466359	102.839996337891
117.7263828125	6.83720037341118	102.940002441406
117.69459375	6.84420019388199	103.040000915527
117.6401328125	6.85059977695346	103.139999389648
117.5811875	6.85720006003976	103.23999786377
117.56640625	6.86399964615703	103.339996337891
117.4799453125	6.87060039490461	103.440002441406
117.43315625	6.87739998102188	103.540000915527
117.368578125	6.88420003280044	103.639999389648
117.3145	6.89079985022545	103.73999786377
117.2262890625	6.89719989895821	103.839996337891
117.16834375	6.90399995073676	103.940002441406
117.127984375	6.91060023382306	104.040000915527
117.0349765625	6.91739981994033	104.139999389648
116.9404921875	6.92399963736534	104.23999786377
116.9067890625	6.93060038611293	104.339996337891
116.83503125	6.9373999722302	104.440002441406
116.75865625	6.94399978965521	104.540000915527
116.672234375	6.95060007274151	104.639999389648
116.62003125	6.95739965885878	104.73999786377
116.5503515625	6.96400040760636	104.839996337891
116.451671875	6.97060022503138	104.940002441406
116.3888203125	6.97739981114864	105.040000915527
116.3033984375	6.9837998598814	105.139999389648
116.2468515625	6.99059991165996	105.23999786377
116.1866875	6.99739996343851	105.339996337891
116.0815234375	7.00400024652481	105.440002441406
116.0250078125	7.01100006699562	105.540000915527
115.934140625	7.01739965006709	105.639999389648
115.8742421875	7.02420016750693	105.73999786377
115.801625	7.03020021319389	105.839996337891
115.7781953125	7.03739980235696	105.940002441406
115.70446875	7.04400008544326	106.040000915527
115.6200625	7.05079967156053	106.139999389648
115.552875	7.05720018595457	106.23999786377
115.4975078125	7.06420000642538	106.339996337891
115.4273515625	7.07079982385039	106.440002441406
115.3572265625	7.07740010693669	106.540000915527
115.27690625	7.08419969305396	106.639999389648
115.224296875	7.09079997614026	106.73999786377
115.165609375	7.09740025922656	106.839996337891
115.1123515625	7.10419984534383	106.940002441406
115.0483359375	7.11059989407659	107.040000915527
114.970703125	7.11739994585514	107.139999389648
114.9107578125	7.1241999976337	107.23999786377
114.8768671875	7.13060004636645	107.339996337891
114.8248203125	7.13759986683726	107.440002441406
114.7810390625	7.14399991557002	107.540000915527
114.70465625	7.15059973299503	107.639999389648
114.687921875	7.15740025043488	107.73999786377
114.6211171875	7.16400006785989	107.839996337891
114.57890625	7.1705998852849	107.940002441406
114.55265625	7.17719970270991	108.040000915527
114.5123984375	7.18400022014976	108.139999389648
114.4816328125	7.19080027192831	108.23999786377
114.43434375	7.19740008935332	108.339996337891
114.355484375	7.20399990677834	108.440002441406
114.323171875	7.21079995855689	108.540000915527
114.2212109375	7.21720000728965	108.639999389648
114.1348828125	7.2240000590682	108.73999786377
114.03990625	7.23059987649322	108.839996337891
113.94271875	7.23719969391823	108.940002441406
113.8620390625	7.24399974569678	109.040000915527
113.791234375	7.25120026618242	109.139999389648
113.7113125	7.2571998462081	109.23999786377
113.622140625	7.2638001292944	109.339996337891
113.59171875	7.27099971845746	109.440002441406
113.5236953125	7.27740023285151	109.540000915527
113.4377265625	7.28400005027652	109.639999389648
113.3855546875	7.29080010205507	109.73999786377
113.3123125	7.29739991948009	109.839996337891
113.265546875	7.3039997369051	109.940002441406
113.2284453125	7.31039978563786	110.040000915527
113.1700234375	7.3172003030777	110.139999389648
113.1166796875	7.32399988919497	110.23999786377
113.0756484375	7.33059970661998	110.339996337891
112.99709375	7.33719998970628	110.440002441406
112.948015625	7.34400004148483	110.540000915527
112.882875	7.35059985890985	110.639999389648
112.8321796875	7.35720014199615	110.73999786377
112.7698203125	7.36399972811341	110.839996337891
112.733375	7.37060001119971	110.940002441406
112.675234375	7.37720029428601	111.040000915527
112.64703125	7.38420011475682	111.139999389648
112.554625	7.39079993218184	111.23999786377
112.478421875	7.39719998091459	111.339996337891
112.427078125	7.40400003269315	111.440002441406
112.390875	7.4108000844717	111.540000915527
112.323984375	7.41739990189672	111.639999389648
112.282203125	7.42419995367527	111.73999786377
112.2745546875	7.43060000240803	111.839996337891
112.2204765625	7.43740005418658	111.940002441406
112.1870078125	7.4439998716116	112.040000915527
112.1441171875	7.4506001546979	112.139999389648
112.120625	7.45739974081516	112.23999786377
112.0718046875	7.46400002390146	112.339996337891
112.030796875	7.47060030698776	112.440002441406
112.022171875	7.47760012745857	112.540000915527
111.9712734375	7.48400017619133	112.639999389648
111.9504296875	7.4907997623086	112.73999786377
111.9272109375	7.49739957973361	112.839996337891
111.8829453125	7.5040003284812	112.940002441406
111.8698125	7.51060014590621	113.040000915527
111.83921875	7.51739973202348	113.139999389648
111.8186640625	7.52400001510978	113.23999786377
111.8046875	7.53080006688833	113.339996337891
111.78525	7.53760011866689	113.440002441406
111.75665625	7.5441999360919	113.540000915527
111.7146640625	7.55079975351691	113.639999389648
111.700578125	7.55740003660321	113.73999786377
111.688484375	7.56380008533597	113.839996337891
111.6526640625	7.57060013711452	113.940002441406
111.6474296875	7.57740018889308	114.040000915527
111.640109375	7.58419977501035	114.139999389648
111.6023125	7.59079959243536	114.23999786377
111.585140625	7.59740034118295	114.339996337891
111.55240625	7.60400015860796	114.440002441406
111.5491875	7.61079974472523	114.540000915527
111.489609375	7.61719979345798	114.639999389648
111.4826640625	7.62399984523654	114.73999786377
111.4408984375	7.63079989701509	114.839996337891
111.4003359375	7.63740018010139	114.940002441406
111.3633203125	7.64399999752641	115.040000915527
111.3297265625	7.65080004930496	115.139999389648
111.286203125	7.65719963237643	115.23999786377
111.2267109375	7.66400014981627	115.339996337891
111.1935	7.67080020159483	115.440002441406
111.1477578125	7.6771997846663	115.540000915527
111.141296875	7.68399983644485	115.639999389648
111.1318671875	7.69060011953115	115.73999786377
111.104828125	7.69719993695617	115.839996337891
111.071359375	7.70419975742698	115.940002441406
111.0392421875	7.71059980615973	116.040000915527
111.0085390625	7.71719962358475	116.139999389648
110.98640625	7.72400014102459	116.23999786377
110.956421875	7.7305999584496	116.339996337891
110.921015625	7.73740001022816	116.440002441406
110.8897734375	7.74399982765317	116.540000915527
110.8614453125	7.75080034509301	116.639999389648
110.849078125	7.75719992816448	116.73999786377
110.8080859375	7.76399997994304	116.839996337891
110.78575	7.77080003172159	116.940002441406
110.7664140625	7.7773998491466	117.040000915527
110.7584921875	7.7840001322329	117.139999389648
110.728609375	7.79080018401146	117.23999786377
110.6833515625	7.79740000143647	117.339996337891
110.6681171875	7.80399981886148	117.440002441406
110.6299921875	7.8105996362865	117.540000915527
110.6279140625	7.81739968806505	117.639999389648
110.5823515625	7.82399997115135	117.73999786377
110.5726015625	7.83080048859119	117.839996337891
110.5450390625	7.83739984035492	117.940002441406
110.5308046875	7.84400012344122	118.040000915527
110.442421875	7.85079970955849	118.139999389648
110.2942421875	7.85739999264479	118.23999786377
110.1556953125	7.86420051008463	118.339996337891
110.036203125	7.87060055881739	118.440002441406
109.9118828125	7.87719991058111	118.540000915527
109.788203125	7.88399949669838	118.639999389648
109.7025546875	7.89080001413822	118.73999786377
109.568984375	7.89740029722452	118.839996337891
109.5299453125	7.90399964898825	118.940002441406
109.4622578125	7.91080016642809	119.040000915527
109.4105390625	7.91720021516085	119.139999389648
109.331078125	7.92420003563166	119.23999786377
109.2757265625	7.93080031871796	119.339996337891
109.237109375	7.93720036745071	119.440002441406
109.1963125	7.94399995356798	119.540000915527
109.168984375	7.95060023665428	119.639999389648
109.1295078125	7.95739982277155	119.73999786377
109.1162890625	7.96420034021139	119.839996337891
109.103578125	7.97060038894415	119.940002441406
109.055046875	7.97739997506142	120.040000915527
109.0337578125	7.98400025814772	120.139999389648
109.0049765625	7.99060054123402	120.23999786377
108.9626484375	7.99740012735128	120.339996337891
108.9247421875	8.00399947911501	120.440002441406
108.904953125	8.01059976220131	120.540000915527
108.891015625	8.01739934831858	120.639999389648
108.8492578125	8.02400056272745	120.73999786377
108.83790625	8.03059991449118	120.839996337891
108.8358359375	8.03740043193102	120.940002441406
108.7927890625	8.04399978369474	121.040000915527
108.798453125	8.05060006678104	121.139999389648
108.7676953125	8.05739965289831	121.23999786377
108.7651796875	8.06399993598461	121.339996337891
108.76103125	8.07059928774834	121.440002441406
108.7536953125	8.07739980518818	121.540000915527
108.731265625	8.08400008827448	121.639999389648
108.72121875	8.09080060571432	121.73999786377
108.7296328125	8.09739995747805	121.839996337891
108.726375	8.10400024056435	121.940002441406
108.7042421875	8.11079982668161	122.040000915527
108.6749375	8.11740010976791	122.139999389648
108.6862265625	8.12399946153164	122.23999786377
108.66290625	8.13079997897148	122.339996337891
108.646515625	8.13739933073521	122.440002441406
108.648640625	8.14399961382151	122.540000915527
108.6317734375	8.15080013126135	122.639999389648
108.6067890625	8.15720017999411	122.73999786377
108.596921875	8.16380046308041	122.839996337891
108.6027890625	8.17080028355122	122.940002441406
108.5739140625	8.17720033228397	123.040000915527
108.5560625	8.18420015275478	123.139999389648
108.5427578125	8.19060020148754	123.23999786377
108.52434375	8.19739978760481	123.339996337891
108.522328125	8.20400007069111	123.440002441406
108.4986015625	8.21080058813095	123.540000915527
108.475015625	8.21760017424822	123.639999389648
108.4538125	8.22379998862743	123.73999786377
108.4195	8.23060050606728	123.839996337891
108.4240703125	8.237199857831	123.940002441406
108.407359375	8.24400037527084	124.040000915527
108.3832734375	8.25059972703457	124.139999389648
108.3566640625	8.25739931315184	124.23999786377
108.33846875	8.26419983059168	124.339996337891
108.295625	8.27059987932444	124.440002441406
108.289703125	8.27740039676428	124.540000915527
108.2686953125	8.28400067985058	124.639999389648
108.2736171875	8.29080026596785	124.73999786377
108.2415625	8.29740054905415	124.839996337891
108.198921875	8.30420013517141	124.940002441406
108.1857734375	8.31079948693514	125.040000915527
108.1630078125	8.31739977002144	125.139999389648
108.12828125	8.32400005310774	125.23999786377
108.0936875	8.33079963922501	125.339996337891
108.07853125	8.33740085363388	125.440002441406
108.0660859375	8.34400020539761	125.540000915527
108.040828125	8.35060048848391	125.639999389648
107.9996328125	8.35740007460117	125.73999786377
107.963	8.36380012333393	125.839996337891
107.92871875	8.37100017815828	125.940002441406
107.899234375	8.3771999925375	126.040000915527
107.9005	8.38399957865477	126.139999389648
107.8654296875	8.39080009609461	126.23999786377
107.8566875	8.39739944785833	126.339996337891
107.800078125	8.40400066226721	126.440002441406
107.7704921875	8.41080024838448	126.540000915527
107.764171875	8.41740053147078	126.639999389648
107.7650078125	8.4239998832345	126.73999786377
107.726359375	8.43080040067434	126.839996337891
107.6978203125	8.43719951808453	126.940002441406
107.6638828125	8.44400003552437	127.040000915527
107.665265625	8.45079962164164	127.139999389648
107.61553125	8.45739990472794	127.23999786377
107.603765625	8.46420042216778	127.339996337891
107.58209375	8.47080070525408	127.440002441406
107.5705625	8.47719982266426	127.540000915527
107.5556328125	8.4840003401041	127.639999389648
107.5592578125	8.49059969186783	127.73999786377
107.546609375	8.49719997495413	127.839996337891
107.526796875	8.50419979542494	127.940002441406
107.526125	8.5105998441577	128.039993286133
107.5541953125	8.51759966462851	128.139999389648
107.53209375	8.52399971336126	128.240005493164
107.5352578125	8.53080023080111	128.339996337891
107.5265390625	8.53740051388741	128.440002441406
107.5366171875	8.54420010000467	128.539993286133
107.5418671875	8.55060014873743	128.639999389648
107.541984375	8.5573997348547	128.740005493164
107.5446015625	8.564000017941	128.839996337891
107.53815625	8.57059936970472	128.940002441406
107.564	8.57739988714457	129.039993286133
107.567953125	8.58399923890829	129.139999389648
107.5712265625	8.59080068767071	129.240005493164
107.5786328125	8.59720073640347	129.339996337891
107.5919375	8.60400032252073	129.440002441406
107.585328125	8.61040037125349	129.539993286133
107.5993359375	8.6174001917243	129.639999389648
107.591828125	8.62399954348803	129.740005493164
107.585828125	8.63099936395884	129.839996337891
107.6201796875	8.63739941269159	129.940002441406
107.6216328125	8.64399969577789	130.039993286133
107.61328125	8.65100044757128	130.139999389648
107.5867421875	8.65740049630404	130.240005493164
107.59146875	8.66399984806776	130.339996337891
107.5962265625	8.67060013115406	130.440002441406
107.6084296875	8.67739971727133	130.539993286133
107.6113671875	8.68400000035763	130.639999389648
107.637515625	8.6907995864749	130.740005493164
107.63659375	8.6973998695612	130.839996337891
107.65015625	8.7040001526475	130.940002441406
107.6518984375	8.71079973876476	131.039993286133
107.6627734375	8.71740002185106	131.139999389648
107.68790625	8.72400030493736	131.240005493164
107.68265625	8.73079989105463	131.339996337891
107.697921875	8.73719993978739	131.440002441406
107.7044765625	8.7441997602582	131.539993286133
107.71446875	8.7508000433445	131.639999389648
107.7565546875	8.75739939510822	131.740005493164
107.746703125	8.76399967819452	131.839996337891
107.7550546875	8.77059996128082	131.940002441406
107.771828125	8.77740047872066	132.039993286133
107.7735625	8.78380052745342	132.139999389648
107.786734375	8.79080034792423	132.240005493164
107.8056875	8.79720039665699	132.339996337891
107.7929765625	8.8042002171278	132.440002441406
107.8418515625	8.81060026586056	132.539993286133
107.849890625	8.81719961762428	132.639999389648
107.8681875	8.82419943809509	132.740005493164
107.881203125	8.83059948682785	132.839996337891
107.9239921875	8.83759930729866	132.940002441406
107.9179140625	8.84400028735399	133.039993286133
107.9393515625	8.85079987347126	133.139999389648
107.9538359375	8.85719992220402	133.240005493164
107.9624609375	8.86400043964386	133.339996337891
108.00440625	8.87059979140759	133.440002441406
108.002625	8.87720007449389	133.539993286133
108.029765625	8.88399966061115	133.639999389648
108.04275	8.89059994369745	133.740005493164
108.06315625	8.89739952981472	133.839996337891
108.0935078125	8.90400074422359	133.940002441406
108.0998984375	8.91080033034086	134.039993286133
108.1078359375	8.91740061342716	134.139999389648
108.1200078125	8.92399996519089	134.240005493164
108.1254140625	8.9309997856617	134.339996337891
108.1274609375	8.93739983439445	134.440002441406
108.158421875	8.94419942051172	134.539993286133
108.158421875	8.95079970359802	134.639999389648
108.142859375	8.95739998668432	134.740005493164
108.1553671875	8.96399933844805	134.839996337891
108.1656640625	8.97080078721046	134.940002441406
108.1923515625	8.97740013897419	135.039993286133
108.2027734375	8.98380018770695	135.139999389648
108.2117890625	8.99059977382421	135.240005493164
108.223578125	8.99720005691051	135.339996337891
108.2206640625	9.00419987738132	135.440002441406
108.2159921875	9.01059992611408	135.539993286133
108.2311328125	9.01720020920038	135.639999389648
108.2418046875	9.02420002967119	135.740005493164
108.24928125	9.03080031275749	135.839996337891
108.275296875	9.03740059584379	135.940002441406
108.2717890625	9.04399994760752	136.039993286133
108.270765625	9.05060023069382	136.139999389648
108.2854375	9.05720051378012	136.240005493164
108.3122578125	9.06400009989738	136.339996337891
108.3267265625	9.07059945166111	136.440002441406
108.336484375	9.07759927213192	136.539993286133
108.35371875	9.08419955521822	136.639999389648
108.3565703125	9.09059960395098	136.740005493164
108.3584375	9.09720081835985	136.839996337891
108.4005546875	9.10420063883066	136.940002441406
108.4125390625	9.11060068756342	137.039993286133
108.44146875	9.11740027368069	137.139999389648
108.426	9.12399962544441	137.240005493164
108.4586171875	9.13059990853071	137.339996337891
108.4726015625	9.13759972900152	137.440002441406
108.499109375	9.14399977773428	137.539993286133
108.5192578125	9.15060006082058	137.639999389648
108.5516953125	9.15740057826042	137.740005493164
108.5640859375	9.16420016437769	137.839996337891
108.57009375	9.17080044746399	137.940002441406
108.581921875	9.17720049619675	138.039993286133
108.6162890625	9.18400008231401	138.139999389648
108.611734375	9.19079966843128	138.240005493164
108.627734375	9.19739995151758	138.339996337891
108.6374296875	9.20380000025034	138.440002441406
108.6431171875	9.21079982072115	138.539993286133
108.65115625	9.21719986945391	138.639999389648
108.6813046875	9.22400038689375	138.740005493164
108.6897109375	9.23079997301102	138.839996337891
108.68021875	9.23740025609732	138.940002441406
108.754484375	9.24400053918362	139.039993286133
108.745234375	9.25059989094734	139.139999389648
108.7039140625	9.25739947706461	139.240005493164
108.6940625	9.26419999450445	139.339996337891
108.7011484375	9.27060004323721	139.440002441406
108.678390625	9.27739962935448	139.539993286133
108.6818359375	9.28400084376335	139.639999389648
108.6776484375	9.29080042988062	139.740005493164
108.6929921875	9.29720047861338	139.839996337891
108.6675546875	9.30420029908419	139.940002441406
108.6793828125	9.31079965084791	140.039993286133
108.6954453125	9.31739993393421	140.139999389648
108.6899140625	9.32419952005148	140.240005493164
108.6803359375	9.33059956878424	140.339996337891
108.702109375	9.33719985187054	140.440002441406
108.72915625	9.34419967234135	140.539993286133
108.7185390625	9.35060065239668	140.639999389648
108.7081328125	9.3572000041604	140.740005493164
108.749140625	9.36400052160025	140.839996337891
108.73240625	9.37059987336397	140.940002441406
108.74971875	9.37720015645027	141.039993286133
108.7898359375	9.38399974256754	141.139999389648
108.7946796875	9.39060002565384	141.240005493164
108.7895703125	9.39739961177111	141.339996337891
108.7926328125	9.40399989485741	141.440002441406
108.8321015625	9.41039994359016	141.539993286133
108.8281171875	9.41740069538355	141.639999389648
108.8425390625	9.42400004714727	141.740005493164
108.8441328125	9.43060033023357	141.839996337891
108.856265625	9.4371996819973	141.940002441406
108.87803125	9.44400019943714	142.039993286133
108.8822578125	9.45059955120087	142.139999389648
108.8647421875	9.45719983428717	142.240005493164
108.9004296875	9.46399942040443	142.339996337891
108.9124296875	9.47059970349073	142.440002441406
108.9187734375	9.47740022093058	142.539993286133
108.9274921875	9.48380026966333	142.639999389648
108.9376640625	9.49080009013414	142.740005493164
108.9445546875	9.49740037322044	142.839996337891
108.942734375	9.50399972498417	142.940002441406
108.955796875	9.51080024242401	143.039993286133
108.96046875	9.51739959418774	143.139999389648
108.957078125	9.52399987727404	143.240005493164
108.9861796875	9.5307994633913	143.339996337891
109.002140625	9.53740067780018	143.440002441406
109.0085	9.5440000295639	143.539993286133
109.0174765625	9.5506003126502	143.639999389648
108.999890625	9.5572005957365	143.740005493164
109.009796875	9.56420041620731	143.839996337891
108.9917890625	9.5705995336175	143.940002441406
108.9940234375	9.5771998167038	144.039993286133
108.9984296875	9.58399940282106	144.139999389648
108.98903125	9.59059968590736	144.240005493164
108.99175	9.59719996899366	144.339996337891
108.9973515625	9.60400048643351	144.440002441406
108.9808359375	9.61060076951981	144.539993286133
108.9881171875	9.61720012128353	144.639999389648
108.97934375	9.6239997074008	144.740005493164
108.9860390625	9.6305999904871	144.839996337891
108.9688671875	9.6372002735734	144.940002441406
108.9788046875	9.64399985969067	145.039993286133
108.981015625	9.65060014277697	145.139999389648
108.97078125	9.65719949454069	145.240005493164
108.9738203125	9.66400001198053	145.339996337891
108.9540625	9.67060029506683	145.440002441406
108.9844921875	9.67720057815313	145.539993286133
108.9823671875	9.6840001642704	145.639999389648
108.9710390625	9.6906004473567	145.740005493164
108.967515625	9.69740003347397	145.839996337891
108.9484375	9.70400031656027	145.940002441406
108.9471640625	9.71079990267754	146.039993286133
108.9606640625	9.71719995141029	146.139999389648
108.96421875	9.72399953752756	146.240005493164
108.925796875	9.73060075193644	146.339996337891
108.9344609375	9.73720010370016	146.440002441406
108.93659375	9.74400062114	146.539993286133
108.9203359375	9.75059997290373	146.639999389648
108.907484375	9.757399559021	146.740005493164
108.8853671875	9.76379960775375	146.839996337891
108.8939296875	9.77079942822456	146.940002441406
108.8875859375	9.77719947695732	147.039993286133
108.8854609375	9.78399999439716	147.139999389648
108.860546875	9.79060027748346	147.240005493164
108.8577578125	9.79740079492331	147.339996337891
108.8573359375	9.80379991233349	147.440002441406
108.8618125	9.81060042977333	147.539993286133
108.8648203125	9.8174000158906	147.639999389648
108.8467265625	9.82419960200787	147.740005493164
108.8280546875	9.83079988509417	147.839996337891
108.8424609375	9.83719993382692	147.940002441406
108.836734375	9.84399951994419	148.039993286133
108.8425234375	9.85079910606146	148.139999389648
108.80796875	9.85720008611679	148.240005493164
108.82584375	9.86400060355663	148.339996337891
108.8044140625	9.8708001896739	148.440002441406
108.8090703125	9.87720023840666	148.539993286133
108.802765625	9.88399982452393	148.639999389648
108.79615625	9.89060010761023	148.740005493164
108.79996875	9.89719945937395	148.839996337891
108.7967421875	9.90399997681379	148.940002441406
108.8008046875	9.91059932857752	149.039993286133
108.8126796875	9.91740077733994	149.139999389648
108.803578125	9.92400012910366	149.240005493164
108.8010859375	9.93060041218996	149.339996337891
108.7851875	9.93719976395369	149.440002441406
108.79515625	9.94400028139353	149.539993286133
108.7798046875	9.95059963315725	149.639999389648
108.7848515625	9.95719991624355	149.740005493164
108.782734375	9.96399950236082	149.839996337891
108.764859375	9.97059978544712	149.940002441406
108.7731796875	9.97739937156439	150.039993286133
108.7871015625	9.98400058597326	150.139999389648
108.758640625	9.99059993773699	150.240005493164
108.7512421875	9.99720022082329	150.339996337891
108.744578125	10.0039998069406	150.440002441406
108.7190859375	10.0106000900269	150.539993286133
108.6924140625	10.0173996761441	150.639999389648
108.68353125	10.0239999592304	150.740005493164
108.65215625	10.0305993109941	150.839996337891
108.6365546875	10.0371995940804	150.940002441406
108.65440625	10.0440001115203	151.039993286133
108.619640625	10.0506003946066	151.139999389648
108.6196640625	10.0573999807239	151.240005493164
108.5876484375	10.0640002638102	151.339996337891
108.58553125	10.0704003125429	151.440002441406
108.583453125	10.0774001330137	151.539993286133
108.5622890625	10.0839994847775	151.639999389648
108.550140625	10.0905997678638	151.740005493164
108.5322109375	10.0972000509501	151.839996337891
108.5334609375	10.1037994027138	151.940002441406
108.5187265625	10.1108001545072	152.039993286133
108.5074375	10.1174004375935	152.139999389648
108.4935703125	10.1242000237107	152.240005493164
108.4853125	10.130800306797	152.339996337891
108.454109375	10.1372003555298	152.440002441406
108.445828125	10.1442001760006	152.539993286133
108.421671875	10.1506002247334	152.639999389648
108.410203125	10.1573998108506	152.740005493164
108.3749765625	10.1641993969679	152.839996337891
108.39375	10.1706003770232	152.940002441406
108.3763515625	10.1773999631405	153.039993286133
108.3531328125	10.1840002462268	153.139999389648
108.3415625	10.1906005293131	153.240005493164
108.354609375	10.1974001154304	153.339996337891
108.315734375	10.2040003985167	153.440002441406
108.302828125	10.2105997502804	153.539993286133
108.3090546875	10.2169997990131	153.639999389648
108.28078125	10.2239996194839	153.740005493164
108.2584375	10.2305999025702	153.839996337891
108.2515390625	10.2374004200101	153.940002441406
108.2347421875	10.2440007030964	154.039993286133
108.20540625	10.2506000548601	154.139999389648
108.2187890625	10.2572003379464	154.240005493164
108.174703125	10.2639999240637	154.339996337891
108.1813828125	10.27060020715	154.440002441406
108.1499296875	10.2771995589137	154.539993286133
108.1583984375	10.2840000763535	154.639999389648
108.13325	10.2903991937637	154.740005493164
108.1365625	10.2974008768797	154.839996337891
108.141390625	10.3037999942899	154.940002441406
108.1145	10.3107998147607	155.039993286133
108.0526640625	10.317400097847	155.139999389648
108.0010390625	10.3240003809333	155.240005493164
107.990578125	10.330599732697	155.339996337891
107.91146875	10.3374002501369	155.440002441406
107.9205390625	10.3439996019006	155.539993286133
107.8811875	10.3505998849869	155.639999389648
107.85503125	10.3574004024267	155.740005493164
107.8202109375	10.364000685513	155.839996337891
107.8185078125	10.3706000372767	155.940002441406
107.79409375	10.377200320363	156.039993286133
107.7844140625	10.3839999064803	156.139999389648
107.768625	10.3906001895666	156.240005493164
107.7246015625	10.3973997756839	156.339996337891
107.71115625	10.4040000587702	156.440002441406
107.7050234375	10.4107996448874	156.539993286133
107.685015625	10.4171996936202	156.639999389648
107.659171875	10.42400021106	156.740005493164
107.6453515625	10.4308007284999	156.839996337891
107.632390625	10.4371998459101	156.940002441406
107.6151328125	10.4440003633499	157.039993286133
107.5820234375	10.4505997151136	157.139999389648
107.571828125	10.4574002325535	157.240005493164
107.525390625	10.4639995843172	157.339996337891
107.522015625	10.4705998674035	157.440002441406
107.523828125	10.4773994535208	157.539993286133
107.4824765625	10.4837995022535	157.639999389648
107.462515625	10.4908002540469	157.740005493164
107.456265625	10.4972003027797	157.839996337891
107.4310703125	10.5039998888969	157.940002441406
107.41615625	10.5106001719832	158.039993286133
107.402171875	10.5173997581005	158.139999389648
107.3811640625	10.5240000411868	158.240005493164
107.3470859375	10.5305993929505	158.339996337891
107.33121875	10.5373999103904	158.440002441406
107.314234375	10.5439992621541	158.539993286133
107.30284375	10.550600476563	158.639999389648
107.2866484375	10.5574000626802	158.740005493164
107.2420859375	10.563800111413	158.839996337891
107.2587578125	10.5707999318838	158.940002441406
107.2078203125	10.5774002149701	159.039993286133
107.2122890625	10.5839995667338	159.139999389648
107.1715703125	10.5905998498201	159.240005493164
107.1518203125	10.5972001329064	159.339996337891
107.1422265625	10.6039997190237	159.440002441406
107.1125859375	10.6108002364635	159.539993286133
107.109828125	10.6174005195498	159.639999389648
107.0766015625	10.6242001056671	159.740005493164
107.0626953125	10.6306001543999	159.839996337891
107.0463828125	10.6373997405171	159.940002441406
107.0289765625	10.6440000236034	160.039993286133
107.0182265625	10.6506003066897	160.139999389648
106.9862734375	10.657399892807	160.240005493164
106.9654453125	10.6641994789243	160.339996337891
106.953734375	10.670599527657	160.440002441406
106.9471953125	10.6776002794504	160.539993286133
106.9094140625	10.6838000938296	160.639999389648
106.893171875	10.6907999143004	160.740005493164
106.8579296875	10.6974001973867	160.839996337891
106.8245546875	10.704000480473	160.940002441406
106.8328515625	10.7105998322368	161.039993286133
106.796171875	10.717399418354	161.139999389648
106.7718359375	10.7239997014403	161.240005493164
106.7340703125	10.7305999845266	161.339996337891
106.69615625	10.7371993362904	161.440002441406
106.66165625	10.7440007850528	161.539993286133
106.6415390625	10.75080037117	161.639999389648
106.5857421875	10.7575999572873	161.740005493164
106.562375	10.7642002403736	161.839996337891
106.5132109375	10.7706002891064	161.940002441406
106.476203125	10.7773998752236	162.039993286133
106.4908046875	10.7840001583099	162.139999389648
106.44503125	10.7909999787807	162.240005493164
106.3918203125	10.7974000275135	162.339996337891
106.35953125	10.8040003105998	162.440002441406
106.303375	10.8106005936861	162.539993286133
106.2581796875	10.8174001798034	162.639999389648
106.2418515625	10.8240004628897	162.740005493164
106.188875	10.8305998146534	162.839996337891
106.13825	10.8375996351242	162.940002441406
106.10946875	10.843999683857	163.039993286133
106.04446875	10.8507992699742	163.139999389648
106.01028125	10.857199318707	163.240005493164
105.97090625	10.8640007674694	163.339996337891
105.9135	10.8708003535867	163.440002441406
105.8748203125	10.877400636673	163.539993286133
105.825109375	10.8839999884367	163.639999389648
105.769109375	10.890600271523	163.740005493164
105.767390625	10.8973998576403	163.839996337891
105.7051171875	10.9040001407266	163.940002441406
105.663390625	10.9107997268438	164.039993286133
105.6410078125	10.9174000099301	164.139999389648
105.605125	10.9239993616939	164.240005493164
105.5675390625	10.9306005761027	164.339996337891
105.550703125	10.9371999278665	164.440002441406
105.5144609375	10.9440004453063	164.539993286133
105.4851484375	10.95059979707	164.639999389648
105.4595	10.9572000801563	164.740005493164
105.4187421875	10.9639996662736	164.839996337891
105.40053125	10.9705999493599	164.940002441406
105.3545546875	10.9773995354772	165.039993286133
105.3315390625	10.9837995842099	165.139999389648
105.3034609375	10.9905991703272	165.240005493164
105.2547734375	10.9972003847361	165.339996337891
105.2314296875	11.0039999708533	165.440002441406
105.2108046875	11.0106002539396	165.539993286133
105.182109375	11.0173998400569	165.639999389648
105.1370390625	11.0240001231432	165.740005493164
105.1022109375	11.0305994749069	165.839996337891
105.0661484375	11.0371997579932	165.940002441406
105.0408671875	11.0439993441105	166.039993286133
105.026390625	11.0507998615503	166.139999389648
104.978296875	11.0574001446366	166.240005493164
104.928609375	11.0640004277229	166.339996337891
104.9317421875	11.0708000138402	166.440002441406
104.8827890625	11.0774002969265	166.539993286133
104.8614453125	11.0839996486902	166.639999389648
104.8215390625	11.0905999317765	166.740005493164
104.788609375	11.0972002148628	166.839996337891
104.768046875	11.1039998009801	166.940002441406
104.7175390625	11.1107993870974	167.039993286133
104.6958515625	11.1174006015062	167.139999389648
104.6478984375	11.12399995327	167.240005493164
104.622921875	11.1306002363563	167.339996337891
104.601953125	11.1373998224735	167.440002441406
104.54178125	11.1440001055598	167.539993286133
104.5256328125	11.1507996916771	167.639999389648
104.4697265625	11.1573999747634	167.740005493164
104.4476171875	11.1639993265271	167.839996337891
104.4288671875	11.1705996096134	167.940002441406
104.3828046875	11.1776003614068	168.039993286133
104.3521875	11.183800175786	168.139999389648
104.323765625	11.1907999962568	168.240005493164
104.271296875	11.1974002793431	168.339996337891
104.23603125	11.2040005624294	168.440002441406
104.19009375	11.2108001485467	168.539993286133
104.13503125	11.2172001972795	168.639999389648
104.09140625	11.2239997833967	168.740005493164
104.0265234375	11.230799369514	168.839996337891
103.9748203125	11.2371994182467	168.940002441406
103.9212109375	11.2440008670092	169.039993286133
103.8500625	11.2508004531264	169.139999389648
103.818828125	11.2572005018592	169.240005493164
103.72065625	11.2640000879765	169.339996337891
103.6682734375	11.2706003710628	169.440002441406
103.630140625	11.27739995718	169.539993286133
103.519265625	11.2841995432973	169.639999389648
103.4284609375	11.29059959203	169.740005493164
103.3182265625	11.2975994125009	169.839996337891
103.2422109375	11.3042006269097	169.940002441406
103.1651328125	11.3106006756425	170.039993286133
103.0885078125	11.3174002617598	170.139999389648
103.01653125	11.3238003104925	170.240005493164
102.9854609375	11.3308001309633	170.339996337891
102.9339921875	11.3372001796961	170.440002441406
102.8992421875	11.3439997658134	170.539993286133
102.8548984375	11.3507993519306	170.639999389648
102.7832421875	11.3573996350169	170.740005493164
102.780734375	11.3639999181032	170.839996337891
102.7150859375	11.3706002011895	170.940002441406
102.6617578125	11.3776000216603	171.039993286133
102.6440546875	11.3840000703931	171.139999389648
102.5968671875	11.3908005878329	171.240005493164
102.5905234375	11.3973999395967	171.339996337891
102.5297109375	11.404000222683	171.440002441406
102.4711640625	11.4107998088002	171.539993286133
102.3967578125	11.4174000918865	171.639999389648
102.3935625	11.4241996780038	171.740005493164
102.3155234375	11.4308008924127	171.839996337891
102.2945625	11.4374002441764	171.940002441406
102.2173828125	11.4440005272627	172.039993286133
102.1674296875	11.45080011338	172.139999389648
102.1139296875	11.4574003964663	172.240005493164
102.058	11.46399974823	172.339996337891
101.9579765625	11.4706000313163	172.440002441406
101.8648203125	11.4773996174335	172.539993286133
101.758359375	11.4841992035508	172.639999389648
101.635796875	11.4907994866371	172.740005493164
101.521140625	11.497400701046	172.839996337891
101.4396171875	11.5040000528097	172.940002441406
101.3554140625	11.5108005702496	173.039993286133
101.2778125	11.5173999220133	173.139999389648
101.2311171875	11.5240002050996	173.240005493164
101.160796875	11.5307997912169	173.339996337891
101.1198125	11.5374000743032	173.440002441406
101.08246875	11.5439994260669	173.539993286133
101.053796875	11.5505997091532	173.639999389648
101.0185546875	11.5576004609466	173.740005493164
100.9898046875	11.5642007440329	173.839996337891
100.954375	11.570599861443	173.940002441406
100.9482109375	11.5774003788829	174.039993286133
100.922421875	11.5841999650002	174.139999389648
100.8879765625	11.5906000137329	174.240005493164
100.8972734375	11.5973995998502	174.339996337891
100.8829453125	11.60420011729	174.440002441406
100.860046875	11.6106001660228	174.539993286133
100.8504296875	11.61739975214	174.639999389648
100.8360234375	11.6240000352263	174.740005493164
100.828375	11.6306003183126	174.839996337891
100.8114765625	11.6373999044299	174.940002441406
100.8121484375	11.6440001875162	175.039993286133
100.8068515625	11.6506004706025	175.139999389648
100.7989609375	11.6574000567198	175.240005493164
100.798125	11.6639994084835	175.339996337891
100.766984375	11.6707999259233	175.440002441406
100.7521484375	11.6773992776871	175.539993286133
100.7284921875	11.6839995607734	175.639999389648
100.708703125	11.6908000782132	175.740005493164
100.694453125	11.6974003612995	175.839996337891
100.681453125	11.7040006443858	175.940002441406
100.6329375	11.7108002305031	176.039993286133
100.639640625	11.7173995822668	176.139999389648
100.615109375	11.7239998653531	176.240005493164
100.611140625	11.7309996858239	176.339996337891
100.58578125	11.7373997345567	176.440002441406
100.5628203125	11.744000017643	176.539993286133
100.5757265625	11.7508005350828	176.639999389648
100.5491953125	11.7573998868465	176.740005493164
100.5640546875	11.7640001699328	176.839996337891
100.55096875	11.7706004530191	176.940002441406
100.5322265625	11.7771998047829	177.039993286133
100.5207109375	11.7840003222227	177.139999389648
100.4995859375	11.79079990834	177.240005493164
100.505828125	11.7974001914263	177.339996337891
100.467109375	11.8041997775435	177.440002441406
100.4701015625	11.8110002949834	177.539993286133
100.446859375	11.8174003437161	177.639999389648
100.4234921875	11.8241999298334	177.740005493164
100.4183828125	11.8305999785662	177.839996337891
100.372125	11.8372002616525	177.940002441406
100.3749375	11.8442000821233	178.039993286133
100.31575	11.850600130856	178.139999389648
100.2885234375	11.8573997169733	178.240005493164
100.2725	11.8637997657061	178.339996337891
100.215484375	11.8707995861769	178.440002441406
100.2053203125	11.8776001036167	178.539993286133
100.1678984375	11.884200386703	178.639999389648
100.137796875	11.8909999728203	178.740005493164
100.09284375	11.8971997871995	178.839996337891
100.0681171875	11.9040003046393	178.940002441406
100.0237734375	11.9107998907566	179.039993286133
99.9513984375	11.9174001738429	179.139999389648
99.9146953125	11.9239995256066	179.240005493164
99.865109375	11.9305998086929	179.339996337891
99.837859375	11.9371991604567	179.440002441406
99.767859375	11.9440006092191	179.539993286133
99.7442421875	11.9508001953363	179.639999389648
99.6956875	11.9574004784226	179.740005493164
99.643625	11.9639998301864	179.839996337891
99.6110078125	11.9708003476262	179.940002441406
99.558	11.9771994650364	180.039993286133
99.5228984375	11.9841992855072	180.139999389648
99.47865625	11.9907995685935	180.240005493164
99.4168125	11.9973998516798	180.339996337891
99.36871875	12.0038008317351	180.440002441406
99.318828125	12.0108006522059	180.539993286133
99.2982421875	12.0174000039697	180.639999389648
99.2362109375	12.0238000527024	180.740005493164
99.1927734375	12.0302001014352	180.839996337891
99.1951875	12.0374001562595	180.940002441406
99.1390546875	12.0441997423768	181.039993286133
99.093203125	12.0508000254631	181.139999389648
99.0388203125	12.0575996115804	181.240005493164
98.9941328125	12.0644001290202	181.339996337891
98.9625859375	12.070800177753	181.440002441406
98.9277265625	12.0775997638702	181.539993286133
98.9161953125	12.0842000469565	181.639999389648
98.8548203125	12.0908003300428	181.740005493164
98.8221328125	12.0975999161601	181.839996337891
98.77978125	12.1042001992464	181.940002441406
98.7166796875	12.1107995510101	182.039993286133
98.69046875	12.11760006845	182.139999389648
98.6269609375	12.1241994202137	182.240005493164
98.5700703125	12.130600400269	182.339996337891
98.5345546875	12.1373999863863	182.440002441406
98.463546875	12.1442005038261	182.539993286133
98.434203125	12.1506005525589	182.639999389648
98.3471640625	12.1576003730297	182.740005493164
98.2374296875	12.1641997247934	182.839996337891
98.2041796875	12.1708000078797	182.940002441406
98.1345234375	12.1773993596435	183.039993286133
98.0723984375	12.1839996427298	183.139999389648
97.98790625	12.1908001601696	183.240005493164
97.90396875	12.1974004432559	183.339996337891
97.8138203125	12.2040007263422	183.440002441406
97.71834375	12.2108003124595	183.539993286133
97.60721875	12.2173996642232	183.639999389648
97.4872890625	12.224200181663	183.740005493164
97.385578125	12.2309997677803	183.839996337891
97.2732265625	12.2373998165131	183.940002441406
97.1417734375	12.2440000995994	184.039993286133
96.9769453125	12.2510008513927	184.139999389648
96.743875	12.2573999688029	184.240005493164
96.570484375	12.2642004862428	184.339996337891
96.4320625	12.27100007236	184.440002441406
96.2949609375	12.2774001210928	184.539993286133
96.1934453125	12.2840004041791	184.639999389648
96.1150390625	12.2910002246499	184.740005493164
95.9993359375	12.2974002733827	184.839996337891
95.933890625	12.3041998594999	184.940002441406
95.8576015625	12.3107992112637	185.039993286133
95.78178125	12.3174004256725	185.139999389648
95.7051484375	12.3242000117898	185.240005493164
95.6650078125	12.3308002948761	185.339996337891
95.5672421875	12.3374005779624	185.440002441406
95.5380390625	12.3444003984332	185.539993286133
95.47765625	12.3507995158434	185.639999389648
95.4108515625	12.3571995645761	185.740005493164
95.380890625	12.364199385047	185.839996337891
95.306125	12.3705994337797	185.940002441406
95.2624453125	12.3773999512196	186.039993286133
95.1918984375	12.3842004686594	186.139999389648
95.15040625	12.3906005173922	186.240005493164
95.0992421875	12.3974001035094	186.339996337891
95.0498359375	12.4041996896267	186.440002441406
95.0037265625	12.4105997383595	186.539993286133
94.9220078125	12.4174002557993	186.639999389648
94.8858984375	12.4241998419166	186.740005493164
94.8548046875	12.4305998906493	186.839996337891
94.8079609375	12.4373994767666	186.940002441406
94.7574296875	12.4440006911755	187.039993286133
