Ruta de archivo: C:\Users\ADVANTECH\Desktop\VALERIA MADERA\Ensayo en marcha 1 04-09-2025 10 41 11 a.m.\DAQ-Carga, … - (Temporizado).txt   
Ensayo: MTS STH Resistencia a la Compresión (ajuste de platinas) 695
Ensayo en marcha: Ensayo en marcha 1
Fecha: 04/09/2025 10:37:12 a.m.


Carga 	Actuador 	Tiempo 
kN	mm	seg
-0.028102014541626	0.0187999994523125	0.939999997615814
-0.00371133899688721	0.0354000003426336	1.44000005722046
0.0137905054092407	0.0519999994139653	1.94000005722046
-0.0295762882232666	0.0688000000081956	2.44000005722046
-0.00241349387168884	0.0854000027175061	2.94000005722046
0.00462101411819458	0.102199999673758	3.44000005722046
0.0146011571884155	0.118800002383068	3.94000005722046
0.0410251846313477	0.13559999933932	4.44000005722046
0.0411835021972656	0.152199994772673	4.94000005722046
0.0370379409790039	0.168599988683127	5.44000005722046
0.0390625648498535	0.185400000191294	5.94000005722046
0.00157535266876221	0.202199997147545	6.44000005722046
0.00454165458679199	0.218799992580898	6.94000005722046
-0.0190438385009766	0.235200001043268	7.44000005722046
0.0504409828186035	0.251999997999519	7.94000005722046
0.0361460266113281	0.268799980403855	8.4399995803833
0.0377040214538574	0.285399990389124	8.9399995803833
0.0208139781951904	0.30220000189729	9.4399995803833
0.0247944965362549	0.318800011882558	9.9399995803833
0.0251539726257324	0.335399992763996	10.4399995803833
0.035578971862793	0.352200004272163	10.9399995803833
0.0249927463531494	0.368800014257431	11.4399995803833
0.0643745574951172	0.385399995138869	11.9399995803833
0.0225046081542969	0.402200006647035	12.4399995803833
0.0476322937011719	0.418599986005574	12.9399995803833
0.0315037422180176	0.43559999903664	13.4399995803833
0.0492324295043945	0.452200009021908	13.9399995803833
0.0493926506042481	0.468800019007176	14.4399995803833
0.0531366996765137	0.485399999888614	14.9399995803833
0.0744728851318359	0.501999980770051	15.4399995803833
0.0396290168762207	0.518799992278218	15.9399995803833
0.0516644821166992	0.535600003786385	16.4400005340576
0.0714020385742188	0.552200013771653	16.9400005340576
0.0802377395629883	0.56900002527982	17.4400005340576
0.0903719863891602	0.585399975534528	17.9400005340576
0.0948116073608399	0.602199987042695	18.4400005340576
0.0718860244750977	0.618799997027963	18.9400005340576
0.0748258361816406	0.635599950328469	19.4400005340576
0.0610368385314941	0.652199960313737	19.9400005340576
0.0812623901367188	0.668600026983768	20.4400005340576
0.0955129013061524	0.685199978761375	20.9400005340576
0.0548392677307129	0.702000048477203	21.4400005340576
0.0729375610351563	0.718800001777709	21.9400005340576
0.0788972549438477	0.735400011762977	22.4400005340576
0.0708827438354492	0.751999963540584	22.9400005340576
0.0617579956054688	0.768800033256412	23.4400005340576
0.0721302185058594	0.785599986556917	23.9400005340576
0.0623041839599609	0.802199996542186	24.4400005340576
0.0803575286865234	0.818799948319793	24.9400005340576
0.0812010879516602	0.83560001803562	25.4400005340576
0.0879013061523437	0.85200002649799	25.9400005340576
0.115520240783691	0.868600036483258	26.4400005340576
0.117231735229492	0.885399989783764	26.9400005340576
0.119112487792969	0.902200001291931	27.4400005340576
0.131580978393555	0.918800011277199	27.9400005340576
0.15251513671875	0.935400021262467	28.4400005340576
0.126394905090332	0.952199974562973	28.9400005340576
0.155834701538086	0.968799984548241	29.4400005340576
0.148584487915039	0.985599937848747	29.9400005340576
0.16556282043457	1.00199994631112	30.4400005340576
0.160381469726563	1.0188000742346	30.9400005340576
0.177958267211914	1.03540008421987	31.4400005340576
0.210983474731445	1.05200009420514	31.9400005340576
0.170051696777344	1.06879998929799	32.439998626709
0.155801498413086	1.08560000080615	32.939998626709
0.196739288330078	1.10220001079142	33.439998626709
0.174670913696289	1.11880002077669	33.939998626709
0.170604309082031	1.13540003076196	34.439998626709
0.206460983276367	1.1519999243319	34.939998626709
0.20369775390625	1.16880005225539	35.439998626709
0.174855117797852	1.18560006376356	35.939998626709
0.188115081787109	1.20220007374883	36.439998626709
0.176537017822266	1.21879996731877	36.939998626709
0.197577926635742	1.23539997730404	37.439998626709
0.168921310424805	1.25219998881221	37.939998626709
0.187816802978516	1.26879999879748	38.439998626709
0.188898345947266	1.28520000725985	38.939998626709
0.184530456542969	1.30200001876801	39.439998626709
0.185945587158203	1.31880003027618	39.939998626709
0.202002304077148	1.33560004178435	40.439998626709
0.187983551025391	1.35200005024672	40.939998626709
0.185537551879883	1.36880006175488	41.439998626709
0.196114044189453	1.38540007174015	41.939998626709
0.197803970336914	1.4019999653101	42.439998626709
0.213681198120117	1.41879997681826	42.939998626709
0.221622375488281	1.43539998680353	43.439998626709
0.213413330078125	1.4519999967888	43.939998626709
0.161158111572266	1.46860000677407	44.439998626709
0.237094177246094	1.48540001828223	44.939998626709
0.221913833618164	1.5020000282675	45.439998626709
0.35754052734375	1.51880003977567	45.939998626709
0.499841156005859	1.53540004976094	46.439998626709
0.618214721679687	1.55219994485378	46.939998626709
0.76361865234375	1.56879995483905	47.439998626709
0.907252990722656	1.58539996482432	47.939998626709
1.05633605957031	1.60199997480959	48.439998626709
1.18458349609375	1.61859998479486	48.939998626709
1.29102062988281	1.63519999478012	49.439998626709
1.40999719238281	1.65200000628829	49.939998626709
1.57076257324219	1.66880001779646	50.439998626709
1.74897033691406	1.68540002778172	50.939998626709
1.882123046875	1.70220003928989	51.439998626709
1.94988659667969	1.71879993285984	51.939998626709
2.00940270996094	1.73520005773753	52.439998626709
2.06650317382813	1.75199995283037	52.939998626709
2.10385522460937	1.76839996129274	53.439998626709
2.19469555664062	1.78519997280091	53.939998626709
2.25037060546875	1.8020001007244	54.439998626709
2.29887377929687	1.81860011070967	54.939998626709
2.37147387695313	1.83540000580251	55.439998626709
2.46613549804688	1.85200001578778	55.939998626709
2.54672924804688	1.86880002729595	56.439998626709
2.73183276367187	1.88540003728122	56.939998626709
2.88900561523438	1.90180004574358	57.439998626709
2.96050634765625	1.91859994083643	57.939998626709
3.02602465820312	1.9351999508217	58.439998626709
3.0608974609375	1.95200007874519	58.939998626709
3.10868334960937	1.96879985742271	59.439998626709
3.24031982421875	1.9851999823004	59.939998626709
3.48733422851563	2.00219987891614	60.439998626709
3.72539331054688	2.01860000379384	60.939998626709
4.01469482421875	2.03539989888668	61.439998626709
4.31121435546875	2.05180002376437	61.939998626709
4.2879482421875	2.06839991733432	62.439998626709
4.3414580078125	2.08520004525781	62.939998626709
4.41846337890625	2.10199994035065	63.439998626709
4.503017578125	2.1185998339206	63.939998626709
4.79865380859375	2.13539996184409	64.4400024414063
5.153935546875	2.15199985541403	64.9400024414063
5.524142578125	2.16880021616817	65.4400024414063
5.78793994140625	2.18560011126101	65.9400024414063
5.869076171875	2.20200000330806	66.4400024414063
5.93737939453125	2.21860012970865	66.9400024414063
5.9333994140625	2.23540002480149	67.4400024414063
6.02597314453125	2.25180014967918	67.9400024414063
6.19939013671875	2.26860004477203	68.4400024414063
6.59735986328125	2.28539993986487	68.9400024414063
7.1401025390625	2.30200006626546	69.4400024414063
7.65915673828125	2.31859995983541	69.9400024414063
8.172220703125	2.335200086236	70.4400024414063
8.7855029296875	2.35179997980595	70.9400024414063
9.410759765625	2.36840010620654	71.4400024414063
10.0985224609375	2.38520000129938	71.9400024414063
10.8588193359375	2.40179989486933	72.4400024414063
11.6189951171875	2.41860002279282	72.9400024414063
12.4555244140625	2.43519991636276	73.4400024414063
13.320884765625	2.45180004276335	73.9400024414063
14.233845703125	2.4683999363333	74.4400024414063
15.1405244140625	2.48499982990324	74.9400024414063
16.1012041015625	2.50159995630383	75.4400024414063
17.08229296875	2.51839985139668	75.9400024414063
18.111421875	2.53499997779727	76.4400024414063
19.152203125	2.55180010572076	76.9400024414063
20.249384765625	2.5683999992907	77.4400024414063
21.325162109375	2.58500012569129	77.9400024414063
22.449609375	2.60160001926124	78.4400024414063
23.62892578125	2.61840014718473	78.9400024414063
24.8152734375	2.63480003923178	79.4400024414063
26.04013671875	2.65159993432462	79.9400024414063
27.28883984375	2.66820006072521	80.4400024414063
28.5111484375	2.68479995429516	80.9400024414063
29.7602578125	2.70160008221865	81.4400024414063
30.995544921875	2.71819997578859	81.9400024414063
32.211623046875	2.73499987088144	82.4400024414063
33.4097734375	2.75159999728203	82.9400024414063
34.60741015625	2.76839989237487	83.4400024414063
35.72412109375	2.78480001725256	83.9400024414063
36.8685390625	2.80159991234541	84.4400024414063
37.986375	2.81839980743825	84.9400024414063
39.0580078125	2.83499993383884	85.4400024414063
40.16271484375	2.85159982740879	85.9400024414063
41.2060390625	2.86840018816292	86.4400024414063
42.2388671875	2.88500008173287	86.9400024414063
43.26396875	2.90179997682571	87.4400024414063
44.23684375	2.9184001032263	87.9400024414063
45.1971015625	2.93519999831915	88.4400024414063
46.13113671875	2.95160012319684	88.9400024414063
47.03604296875	2.96840001828969	89.4400024414063
47.94851171875	2.98499991185963	89.9400024414063
48.86372265625	3.00180003978312	90.4400024414063
49.77863671875	3.01839993335307	90.9400024414063
50.65990625	3.03520006127656	91.4400024414063
51.5946328125	3.0517999548465	91.9400024414063
52.4832890625	3.06839984841645	92.4400024414063
53.350203125	3.08499997481704	92.9400024414063
54.2426171875	3.10159986838698	93.4400024414063
55.08752734375	3.11819999478757	93.9400024414063
55.9229765625	3.13499988988042	94.4400024414063
56.77658203125	3.15180001780391	94.9400024414063
57.54849609375	3.1684001442045	95.4400024414063
58.31803515625	3.18520003929734	95.9400024414063
59.06618359375	3.20180016569793	96.4400024414063
59.80528125	3.21840005926788	96.9400024414063
60.4891875	3.23519995436072	97.4400024414063
61.19594140625	3.25180008076131	97.9400024414063
61.8390625	3.26819997280836	98.4400024414063
62.46520703125	3.28500010073185	98.9400024414063
63.084453125	3.30179999582469	99.4400024414063
63.66473828125	3.31839988939464	99.9400024414063
64.24659765625	3.33500001579523	100.440002441406
64.76058984375	3.35179991088808	100.940002441406
65.29655859375	3.36840003728867	101.440002441406
65.7521484375	3.38519993238151	101.940002441406
66.2387578125	3.40179982595146	102.440002441406
66.6539140625	3.41819995082915	102.940002441406
67.091609375	3.43520008027554	103.440002441406
67.48759375	3.45180020667613	103.940002441406
67.8561171875	3.46840010024607	104.440002441406
68.2152734375	3.48519999533892	104.940002441406
68.5220703125	3.50180012173951	105.440002441406
68.8362890625	3.51840001530945	105.940002441406
69.134828125	3.53520014323294	106.440002441406
69.3948203125	3.55180003680289	106.940002441406
69.6332578125	3.56839993037283	107.440002441406
69.8675234375	3.58540005981922	107.940002441406
70.060390625	3.60179995186627	108.440002441406
70.2553359375	3.61840007826686	108.940002441406
70.4576171875	3.6351999733597	109.440002441406
70.6363125	3.65179986692965	109.940002441406
70.7732109375	3.66839999333024	110.440002441406
70.947875	3.68519988842309	110.940002441406
71.0891640625	3.70180001482368	111.440002441406
71.22259375	3.71860014274716	111.940002441406
71.3468515625	3.73520003631711	112.440002441406
71.4625	3.7518001627177	112.940002441406
71.5727265625	3.76840005628765	113.440002441406
71.64565625	3.78520018421113	113.940002441406
71.7675390625	3.80180007778108	114.440002441406
71.8322421875	3.81859997287393	114.940002441406
71.8934375	3.83520009927452	115.440002441406
71.952	3.85199999436736	115.940002441406
72.004734375	3.86879988946021	116.440002441406
72.0411796875	3.8852000143379	116.940002441406
72.0749921875	3.90199990943074	117.440002441406
72.143203125	3.91880003735423	117.940002441406
72.173390625	3.93539993092418	118.440002441406
72.18234375	3.95199982449412	118.940002441406
72.232515625	3.96879995241761	119.440002441406
72.2398828125	3.9852000772953	119.940002441406
72.2741640625	4.0019997395575	120.440002441406
72.302296875	4.01879986748099	120.940002441406
72.2997734375	4.03539976105094	121.440002441406
72.3260546875	4.05219988897443	121.940002441406
72.344796875	4.06879978254437	122.440002441406
72.3573203125	4.08540014177561	122.940002441406
72.3718671875	4.10200003534555	123.440002441406
72.3737421875	4.1185999289155	123.940002441406
72.3658046875	4.1353995911777	124.440002441406
72.3762734375	4.15199995040894	124.940002441406
72.408171875	4.16880007833242	125.440002441406
72.3921796875	4.18539997190237	125.940002441406
72.40215625	4.20220009982586	126.440002441406
72.438578125	4.21879999339581	126.940002441406
72.419125	4.23540035262704	127.440002441406
72.4364296875	4.2519997805357	127.940002441406
72.429390625	4.26860013976693	128.440002441406
72.4338125	4.28520003333688	128.940002441406
72.44515625	4.30200016126037	129.440002441406
72.42609375	4.31860005483031	129.940002441406
72.429359375	4.3354001827538	130.440002441406
72.4282890625	4.352199845016	130.940002441406
72.4142109375	4.36880020424724	131.440002441406
72.41428125	4.38519986346364	131.940002441406
72.3878125	4.40199999138713	132.440002441406
72.3575390625	4.41879965364933	132.940002441406
72.3346484375	4.43520024418831	133.440002441406
72.30140625	4.45220014080405	133.940002441406
72.2633046875	4.46859980002046	134.440002441406
72.234171875	4.48540039360523	134.940002441406
72.169265625	4.50220005586743	135.440002441406
72.1251875	4.51879994943738	135.940002441406
72.083203125	4.53539984300733	136.440002441406
72.037828125	4.55219997093081	136.940002441406
71.95546875	4.56879986450076	137.440002441406
71.9157421875	4.58559999242425	137.940002441406
71.87265625	4.6021998859942	138.440002441406
71.82615625	4.61880024522543	138.940002441406
71.7932890625	4.63539967313409	139.440002441406
71.72371875	4.65220026671886	139.940002441406
71.680484375	4.66879969462752	140.440002441406
71.63440625	4.68540005385876	140.940002441406
71.5868984375	4.70240041613579	141.440002441406
71.5424140625	4.71880007535219	141.940002441406
71.4695625	4.73560020327568	142.440002441406
71.4125859375	4.75220009684563	142.940002441406
71.3386015625	4.76859975606203	143.440002441406
71.26203125	4.78539988398552	143.940002441406
71.2096875	4.80200024321675	144.440002441406
71.0963046875	4.81879990547895	144.940002441406
70.9921953125	4.83560003340244	145.440002441406
70.88953125	4.85200015828013	145.940002441406
70.8023984375	4.86880028620362	146.440002441406
70.67096875	4.88539971411228	146.940002441406
70.5521328125	4.90200007334352	147.440002441406
70.3821328125	4.91859996691346	147.940002441406
70.2073046875	4.93540009483695	148.440002441406
70.018921875	4.9519999884069	148.940002441406
69.8201171875	4.96880011633039	149.440002441406
69.6740546875	4.98559977859259	149.940002441406
69.494609375	5.00199990347028	150.440002441406
69.343875	5.01859979704022	150.940002441406
69.1748515625	5.03539992496371	151.440002441406
68.980953125	5.05199981853366	151.940002441406
68.6905	5.06879994645715	152.440002441406
68.287125	5.08540030568838	152.940002441406
67.808578125	5.10200019925833	153.440002441406
67.420078125	5.11880032718182	153.940002441406
67.13859375	5.13559998944402	154.440002441406
66.928828125	5.15220034867525	154.940002441406
66.7633046875	5.16879977658391	155.440002441406
66.6432421875	5.18540013581514	155.940002441406
66.5383515625	5.20219979807734	156.440002441406
66.45909375	5.21880015730858	156.940002441406
66.380390625	5.23540005087852	157.440002441406
66.3237890625	5.25199994444847	157.940002441406
66.266390625	5.26879960671067	158.440002441406
66.2327890625	5.28539996594191	158.940002441406
66.18684375	5.30219962820411	159.440002441406
66.138390625	5.31879998743534	159.940002441406
66.10653125	5.33539988100529	160.440002441406
66.0497734375	5.35200024023652	160.940002441406
65.99815625	5.36859966814518	161.440002441406
65.9649765625	5.38539979606867	161.940002441406
65.917609375	5.4020001552999	162.440002441406
65.86878125	5.4187998175621	162.940002441406
65.83265625	5.43540017679334	163.440002441406
65.7914921875	5.45200007036328	163.940002441406
65.7575078125	5.46880019828677	164.440002441406
65.7187890625	5.48559986054897	164.940002441406
65.6740546875	5.50199998542666	165.440002441406
65.65334375	5.51879964768887	165.940002441406
65.61690625	5.5354000069201	166.440002441406
65.60096875	5.55199990049005	166.940002441406
65.5745390625	5.56880002841353	167.440002441406
65.543796875	5.58539992198348	167.940002441406
65.5196328125	5.60220004990697	168.440002441406
65.50749609375	5.61879994347692	168.940002441406
65.48698046875	5.63539983704686	169.440002441406
65.47786328125	5.65220043063164	169.940002441406
65.47648828125	5.66860008984804	170.440002441406
65.44751171875	5.68540021777153	170.940002441406
65.42572265625	5.70219988003373	171.440002441406
65.41585546875	5.71880023926497	171.940002441406
65.42415234375	5.73559990152717	172.440002441406
65.4288828125	5.75200002640486	172.940002441406
65.40601171875	5.76879968866706	173.440002441406
65.41375	5.78560028225183	173.940002441406
65.41276171875	5.80199994146824	174.440002441406
65.39271875	5.81880006939173	174.940002441406
65.38458984375	5.83539996296167	175.440002441406
65.3660078125	5.85220009088516	175.940002441406
65.3574609375	5.86899975314736	176.440002441406
65.3610703125	5.88539987802505	176.940002441406
65.3475546875	5.90220000594854	177.440002441406
65.30551171875	5.91879989951849	177.940002441406
65.29080078125	5.93520002439618	178.440002441406
65.27182421875	5.95219992101192	178.940002441406
65.245203125	5.96880028024316	179.440002441406
65.22167578125	5.9854001738131	179.940002441406
65.19305078125	6.00220030173659	180.440002441406
65.15653515625	6.01899996399879	180.940002441406
65.139078125	6.03560032323003	181.440002441406
65.08239453125	6.05199998244643	181.940002441406
65.0632890625	6.06880011036992	182.440002441406
65.0171875	6.08559977263212	182.940002441406
64.96804296875	6.10220013186336	183.440002441406
64.941203125	6.1188000254333	183.940002441406
64.89945703125	6.13560015335679	184.440002441406
64.867546875	6.15199981257319	184.940002441406
64.82336328125	6.16860017180443	185.440002441406
64.80043359375	6.18539983406663	185.940002441406
64.76064453125	6.20219996199012	186.440002441406
64.71871875	6.21879985556006	186.940002441406
64.68258984375	6.23559998348355	187.440002441406
64.62107421875	6.25199964269996	187.940002441406
64.57180859375	6.26860000193119	188.440002441406
64.5133828125	6.28519989550114	188.940002441406
64.4734765625	6.30200002342463	189.440002441406
64.42443359375	6.31880015134811	189.940002441406
64.3695703125	6.33540004491806	190.440002441406
64.29379296875	6.35200040414929	190.940002441406
64.232875	6.3688000664115	191.440002441406
64.18065234375	6.38539995998144	191.940002441406
64.1238515625	6.40220008790493	192.440002441406
64.056578125	6.41900021582842	192.940002441406
63.9889609375	6.43539987504482	193.440002441406
63.93080078125	6.45220000296831	193.940002441406
63.88153125	6.46879989653826	194.440002441406
63.8308515625	6.48540025576949	194.940002441406
63.75790234375	6.50219991803169	195.440002441406
63.69800390625	6.51879981160164	195.940002441406
63.62983984375	6.53539970517159	196.440002441406
63.55294140625	6.55219983309507	196.940002441406
63.46924609375	6.56880019232631	197.440002441406
63.388140625	6.58540008589625	197.940002441406
63.31776171875	6.60220021381974	198.440002441406
63.248796875	6.61880010738969	198.940002441406
