Ruta de archivo: C:\Users\ADVANTECH\Desktop\VALERIA MADERA\Ensayo en marcha 1 04-09-2025 10 08 19 a.m.\DAQ-Carga, … - (Temporizado).txt   
Ensayo: MTS STH Resistencia a la Compresión (ajuste de platinas) 690
Ensayo en marcha: Ensayo en marcha 1
Fecha: 04/09/2025 10:04:28 a.m.


Carga 	Actuador 	Tiempo 
kN	mm	seg
0.0247140331268311	0.00279999994745594	0.430000007152557
0.0589231224060059	0.00559999989491189	0.529999971389771
0.136841781616211	0.00860000000102445	0.629999995231628
0.207116226196289	0.0120000004244503	0.730000019073486
0.272094573974609	0.0153999990288867	0.829999983310699
0.316106903076172	0.0185999997484032	0.930000007152557
0.365423828125	0.022000000171829	1.02999997138977
0.414906860351562	0.0252000008913456	1.12999999523163
0.464131469726562	0.028599999495782	1.23000001907349
0.492315643310547	0.0319999999192078	1.33000004291534
0.547628356933594	0.0354000003426336	1.42999994754791
0.598338806152344	0.0386000028811395	1.52999997138977
0.636898559570312	0.0419999996665865	1.62999999523163
0.68098193359375	0.0452000022050925	1.73000001907349
0.711953430175781	0.0485999989905395	1.83000004291534
0.752356567382813	0.0519999994139653	1.92999994754791
0.799264221191406	0.0553999998373911	2.02999997138977
0.808618835449219	0.0588000002608169	2.13000011444092
0.8342197265625	0.061999999161344	2.23000001907349
0.866075561523438	0.06520000169985	2.32999992370605
0.882084289550781	0.068599998485297	2.4300000667572
0.903121704101563	0.071999995270744	2.52999997138977
0.934397216796875	0.0751999978092499	2.63000011444092
0.947275939941406	0.0788000033935532	2.73000001907349
0.960293090820313	0.0819999986561015	2.82999992370605
0.970212768554688	0.0851999939186499	2.9300000667572
0.978852600097656	0.0886000052560121	3.02999997138977
0.977901489257813	0.0920000020414591	3.13000011444092
1.00573193359375	0.0953999988269061	3.23000001907349
1.02282360839844	0.098600001365412	3.32999992370605
1.01231164550781	0.101999998150859	3.4300000667572
1.01961053466797	0.105400002212264	3.52999997138977
1.0373896484375	0.108799998997711	3.63000011444092
1.05197619628906	0.112000001536217	3.73000001907349
1.06622155761719	0.115399998321664	3.82999992370605
1.06352355957031	0.118800002383068	3.9300000667572
1.065310546875	0.121799996122718	4.03000020980835
1.04035217285156	0.125400008982979	4.13000011444092
1.07825952148438	0.128800005768426	4.23000001907349
1.08528454589844	0.132200002553873	4.32999992370605
1.11544177246094	0.135399997816421	4.42999982833862
1.12202368164063	0.138600007630885	4.53000020980835
1.14404846191406	0.142000004416332	4.63000011444092
1.138630859375	0.145400001201779	4.73000001907349
1.1757109375	0.148599996464327	4.82999992370605
1.17632153320312	0.151999993249774	4.92999982833862
1.21428930664063	0.155200003064238	5.03000020980835
1.21541235351562	0.158800001372583	5.13000011444092
1.22034448242187	0.161999996635132	5.23000001907349
1.25048559570313	0.165399993420579	5.32999992370605
1.265986328125	0.168599988683127	5.42999982833862
1.279291015625	0.172000000020489	5.53000020980835
1.31247241210937	0.175199995283037	5.63000011444092
1.33055871582031	0.178599992068484	5.73000001907349
1.36654284667969	0.181799987331033	5.82999992370605
1.40244567871094	0.185199998668395	5.92999982833862
1.43369873046875	0.188800011528656	6.03000020980835
1.46801135253906	0.192000006791204	6.13000011444092
1.51446081542969	0.195200002053753	6.23000001907349
1.53652868652344	0.1985999988392	6.32999992370605
1.55770263671875	0.202000010176562	6.42999982833862
1.58677893066406	0.205400006962009	6.53000020980835
1.61278283691406	0.208600002224557	6.63000011444092
1.6376650390625	0.211999999010004	6.73000001907349
1.67196081542969	0.21559999731835	6.82999992370605
1.69883911132812	0.218600005609915	6.92999982833862
1.71555419921875	0.221800000872463	7.03000020980835
1.73397644042969	0.225399999180809	7.13000011444092
1.75944213867188	0.228799995966256	7.23000001907349
1.78581079101563	0.231999991228804	7.32999992370605
1.81726440429688	0.234999999520369	7.42999982833862
1.8599765625	0.238599997828715	7.53000020980835
1.88519580078125	0.24219999613706	7.63000011444092
1.91547729492188	0.245200004428625	7.73000001907349
1.97028540039062	0.248600001214072	7.82999992370605
1.97344812011719	0.251999997999519	7.92999982833862
1.99848400878906	0.255199993262067	8.02999973297119
2.02672875976562	0.258599990047514	8.13000011444092
2.04725268554688	0.261999986832961	8.22999954223633
2.07036059570313	0.265399983618408	8.32999992370605
2.06022509765625	0.268599978880957	8.43000030517578
2.08920556640625	0.271800003247336	8.52999973297119
2.1232734375	0.275200000032783	8.63000011444092
2.12123510742187	0.27859999681823	8.72999954223633
2.13524609375	0.281999993603677	8.82999992370605
2.15814013671875	0.285199988866225	8.93000030517578
2.18520629882812	0.288599985651672	9.02999973297119
2.1986005859375	0.29179998091422	9.13000011444092
2.22131372070313	0.295399979222566	9.22999954223633
2.22931811523438	0.298599974485114	9.32999992370605
2.25682250976562	0.302000000374392	9.43000030517578
2.269896484375	0.30520002474077	9.52999973297119
2.28592041015625	0.308399990899488	9.63000011444092
2.30493041992188	0.311800016788766	9.72999954223633
2.33437573242188	0.315400015097111	9.82999992370605
2.33572216796875	0.31860001035966	9.93000030517578
2.36613134765625	0.322000007145107	10.0299997329712
2.38007275390625	0.325200002407655	10.1300001144409
2.39525415039062	0.328599999193102	10.2299995422363
2.41775537109375	0.331999995978549	10.3299999237061
2.46211108398438	0.335399992763996	10.4300003051758
2.47275610351562	0.338600017130375	10.5299997329712
2.50248193359375	0.342000013915822	10.6300001144409
2.55418432617188	0.34520000917837	10.7299995422363
2.59802416992187	0.348600005963817	10.8299999237061
2.66601293945312	0.351800001226366	10.9300003051758
2.72374926757813	0.355199998011813	11.0299997329712
2.7827431640625	0.358399993274361	11.1300001144409
2.82084814453125	0.361799990059808	11.2299995422363
2.83476635742187	0.365200015949085	11.3299999237061
2.718314453125	0.368800014257431	11.4300003051758
2.74178393554687	0.372000009519979	11.5299997329712
2.753486328125	0.375400006305426	11.6300001144409
2.7630712890625	0.378600001567975	11.7299995422363
2.77340966796875	0.381999998353422	11.8299999237061
2.78113256835938	0.38519999361597	11.9300003051758
2.77112963867188	0.388599990401417	12.0299997329712
2.79590698242187	0.391999987186864	12.1300001144409
2.814876953125	0.395399983972311	12.2299995422363
2.84102978515625	0.39860000833869	12.3299999237061
2.84665576171875	0.401800003601238	12.4300003051758
2.85134790039063	0.405200000386685	12.5299997329712
2.865669921875	0.408799998695031	12.6300001144409
2.87910791015625	0.411999993957579	12.7299995422363
2.90616772460938	0.415399990743026	12.8299999237061
2.92621240234375	0.418599986005574	12.9300003051758
2.92741040039063	0.421799981268123	13.0299997329712
2.94319677734375	0.42519997805357	13.1300001144409
2.94337646484375	0.428799976361915	13.2299995422363
2.95872875976562	0.432000000728294	13.3299999237061
2.98202612304688	0.435199995990843	13.4300003051758
3.01960913085937	0.43859999277629	13.5299997329712
3.01668920898438	0.441999989561737	13.6300001144409
3.04701318359375	0.445199984824285	13.7299995422363
3.08451123046875	0.448599981609732	13.8299999237061
3.14570141601562	0.451999978395179	13.9300003051758
3.19601440429688	0.455199973657727	14.0299997329712
3.22294921875	0.458399998024106	14.1300001144409
3.27946337890625	0.462000025436282	14.2299995422363
3.313001953125	0.465400022221729	14.3299999237061
3.38304272460938	0.468600017484277	14.4300003051758
3.4235537109375	0.472000014269724	14.5299997329712
3.4851416015625	0.475200009532273	14.6300001144409
3.54748461914063	0.47860000631772	14.7299995422363
3.59547680664063	0.482000003103167	14.8299999237061
3.66072705078125	0.485199998365715	14.9300003051758
3.70704248046875	0.488599995151162	15.0299997329712
3.77197412109375	0.49200002104044	15.1300001144409
3.79634106445313	0.495199987199157	15.2299995422363
3.86608178710937	0.498400011565536	15.3299999237061
3.92913940429688	0.501799979247153	15.4300003051758
3.96604711914063	0.50520000513643	15.5299997329712
4.00536865234375	0.508599972818047	15.6300001144409
4.04543334960938	0.511799997184426	15.7299995422363
4.06046728515625	0.515200023073703	15.8299999237061
4.05403271484375	0.51859999075532	15.9300003051758
4.02699951171875	0.522000016644597	16.0300006866455
4.03357055664063	0.525399984326214	16.1299991607666
4.0399208984375	0.528599950484931	16.2299995422363
4.0538447265625	0.531999976374209	16.3299999237061
4.068427734375	0.535400002263486	16.4300003051758
4.0491767578125	0.538600026629865	16.5300006866455
4.06886840820312	0.541999994311482	16.6299991607666
4.08343359375	0.545400020200759	16.7299995422363
4.08553491210937	0.548600044567138	16.8299999237061
4.10404833984375	0.552000012248755	16.9300003051758
4.09547143554687	0.555400038138032	17.0300006866455
4.09560229492187	0.55860000429675	17.1299991607666
4.11643115234375	0.561999971978366	17.2299995422363
4.127689453125	0.565199996344745	17.3299999237061
4.1380234375	0.568600022234023	17.4300003051758
4.14902490234375	0.572199991438538	17.5300006866455
4.163947265625	0.575200014282018	17.6299991607666
4.16366259765625	0.578599981963634	17.7299995422363
4.19599365234375	0.582000007852912	17.8299999237061
4.20689892578125	0.585200032219291	17.9300003051758
4.2202099609375	0.588599999900907	18.0300006866455
4.23094580078125	0.592000025790185	18.1299991607666
4.254333984375	0.595199991948903	18.2299995422363
4.28020361328125	0.598599959630519	18.3299999237061
4.29999072265625	0.601999985519797	18.4300003051758
4.3431220703125	0.605200009886175	18.5300006866455
4.38834033203125	0.608600035775453	18.6299991607666
4.4523505859375	0.611800001934171	18.7299995422363
4.5267265625	0.615199969615787	18.8299999237061
4.60509765625	0.618399993982166	18.9300003051758
4.68153857421875	0.621999963186681	19.0300006866455
4.7451962890625	0.62519998755306	19.1299991607666
4.8365908203125	0.628600013442338	19.2299995422363
4.898716796875	0.631799979601055	19.3299999237061
4.96102783203125	0.635000003967434	19.4300003051758
5.04202734375	0.638599973171949	19.5300006866455
5.096603515625	0.641999999061227	19.6299991607666
5.17303076171875	0.645200023427606	19.7299995422363
5.238140625	0.648399989586323	19.8299999237061
5.30758935546875	0.6520000169985	19.9300003051758
5.38460302734375	0.654999981634319	20.0300006866455
5.44816748046875	0.658599950838834	20.1299991607666
5.51982373046875	0.661800033412874	20.2299995422363
5.59312841796875	0.66520000109449	20.3299999237061
5.64940771484375	0.668600026983768	20.4300003051758
5.70258935546875	0.671999994665384	20.5300006866455
5.7961103515625	0.675199960824102	20.6299991607666
5.85198681640625	0.67859998671338	20.7299995422363
5.9161865234375	0.681800011079758	20.8299999237061
5.9807529296875	0.684999977238476	20.9300003051758
6.05226611328125	0.688399944920093	21.0300006866455
6.1052919921875	0.69179997080937	21.1299991607666
6.18740478515625	0.695200054906309	21.2299995422363
6.26807568359375	0.698600022587925	21.3299999237061
6.335890625	0.702000048477203	21.4300003051758
6.4058642578125	0.705200014635921	21.5300006866455
6.46745263671875	0.708400039002299	21.6299991607666
6.53664404296875	0.711800006683916	21.7299995422363
6.60704150390625	0.715200032573193	21.8299999237061
6.6855830078125	0.718399998731911	21.9300003051758
6.7625556640625	0.721800024621189	22.0300006866455
6.82432861328125	0.725199992302805	22.1299991607666
6.907951171875	0.728400016669184	22.2299995422363
6.96378955078125	0.731599982827902	22.3299999237061
7.050150390625	0.735200010240078	22.4300003051758
7.1195263671875	0.738399976398796	22.5300006866455
7.19770263671875	0.741600000765175	22.6299991607666
7.25117431640625	0.74519996996969	22.7299995422363
7.3187724609375	0.74819999281317	22.8299999237061
7.44668994140625	0.751800020225346	22.9300003051758
7.51001318359375	0.755200046114624	23.0300006866455
7.57270703125	0.758400012273341	23.1299991607666
7.6675693359375	0.76160003663972	23.2299995422363
7.73881494140625	0.765000004321337	23.3299999237061
7.8175703125	0.768400030210614	23.4300003051758
7.8935458984375	0.771599996369332	23.5300006866455
7.96901904296875	0.775200023781508	23.6299991607666
8.05971484375	0.778399989940226	23.7299995422363
8.14442431640625	0.781600014306605	23.8299999237061
8.219220703125	0.785000040195882	23.9300003051758
8.3058662109375	0.788400007877499	24.0300006866455
8.3939052734375	0.791599974036217	24.1299991607666
8.4718173828125	0.795200001448393	24.2299995422363
8.5446103515625	0.798399967607111	24.3299999237061
8.636240234375	0.801799993496388	24.4300003051758
8.7135361328125	0.805199961178005	24.5300006866455
8.8098759765625	0.808199984021485	24.6299991607666
8.890759765625	0.811800011433661	24.7299995422363
8.9760380859375	0.814999977592379	24.8299999237061
9.0665771484375	0.818400003481656	24.9300003051758
9.1544609375	0.821799971163273	25.0300006866455
9.244677734375	0.824999995529652	25.1299991607666
9.330984375	0.828400021418929	25.2299995422363
9.4094638671875	0.831799989100546	25.3299999237061
9.504708984375	0.835200014989823	25.4300003051758
9.5965625	0.838399981148541	25.5300006866455
9.711791015625	0.841799948830158	25.6299991607666
9.796947265625	0.845000031404197	25.7299995422363
9.857986328125	0.848399999085814	25.8299999237061
9.9823671875	0.851800024975091	25.9300003051758
10.0527841796875	0.854999991133809	26.0300006866455
10.1572294921875	0.858600018545985	26.1299991607666
10.23912890625	0.861800042912364	26.2299995422363
10.3300732421875	0.865000009071082	26.3299999237061
10.4306396484375	0.868399976752698	26.4300003051758
10.5194716796875	0.871600001119077	26.5300006866455
10.6054931640625	0.875000027008355	26.6299991607666
10.6987607421875	0.878199993167073	26.7299995422363
10.7876484375	0.881800020579249	26.8299999237061
10.88709765625	0.884800043422729	26.9300003051758
11.0026591796875	0.888400012627244	27.0300006866455
11.0776669921875	0.891799980308861	27.1299991607666
11.184255859375	0.895000004675239	27.2299995422363
11.271484375	0.898400030564517	27.3299999237061
11.37323046875	0.901599996723235	27.4300003051758
11.4844287109375	0.904999964404851	27.5300006866455
11.5596328125	0.908399990294129	27.6299991607666
11.6682763671875	0.911600014660507	27.7299995422363
11.7544619140625	0.915000040549785	27.8299999237061
11.856419921875	0.918200006708503	27.9300003051758
11.9631669921875	0.921599974390119	28.0300006866455
12.0486484375	0.925000000279397	28.1299991607666
12.1559541015625	0.928399967961013	28.2299995422363
12.2388173828125	0.931599992327392	28.3299999237061
12.359251953125	0.934800016693771	28.4300003051758
12.4534296875	0.938399985898286	28.5300006866455
12.5503310546875	0.941600010264665	28.6299991607666
12.6396708984375	0.944999977946281	28.7299995422363
12.7578671875	0.94820000231266	28.8299999237061
12.859080078125	0.951600028201938	28.9300003051758
12.956279296875	0.954999995883554	29.0300006866455
13.038080078125	0.958199962042272	29.1299991607666
13.1666201171875	0.96159998793155	29.2299995422363
13.273595703125	0.964999955613166	29.3299999237061
13.369568359375	0.968200038187206	29.4300003051758
13.4780146484375	0.971600005868822	29.5300006866455
13.564998046875	0.9750000317581	29.6299991607666
13.677556640625	0.978399999439716	29.7299995422363
13.7582373046875	0.981600023806095	29.8299999237061
13.8723701171875	0.985000049695373	29.9300003051758
13.981263671875	0.988399959169328	30.0300006866455
14.09031640625	0.991599983535707	30.1299991607666
14.1747578125	0.995000009424984	30.2299995422363
14.290873046875	0.99839991889894	30.3299999237061
14.391564453125	1.00160005968064	30.4300003051758
14.503302734375	1.0049999691546	30.5300006866455
14.604244140625	1.00839999504387	30.6299991607666
14.714693359375	1.01160001941025	30.7299995422363
14.7985205078125	1.01499992888421	30.8299999237061
14.9226611328125	1.01839995477349	30.9300003051758
15.0160712890625	1.02159997913986	31.0300006866455
15.122927734375	1.02479988709092	31.1299991607666
15.222482421875	1.02820002939552	31.2299995422363
15.3180478515625	1.0316000552848	31.3299999237061
15.4281884765625	1.03499996475875	31.4300003051758
15.5363515625	1.03840010706335	31.5300006866455
15.6522333984375	1.04140001349151	31.6299991607666
15.73642578125	1.04499992448837	31.7299995422363
15.8270390625	1.04799994733185	31.8299999237061
15.9357685546875	1.05159997474402	31.9300003051758
16.0541298828125	1.0550000006333	32.0299987792969
16.1522724609375	1.05820002499968	32.1300010681152
16.2644931640625	1.06159993447363	32.2299995422363
16.374892578125	1.06500007677823	32.3300018310547
16.476525390625	1.06819998472929	32.4300003051758
16.58640625	1.07140000909567	32.5299987792969
16.690681640625	1.07480003498495	32.6300010681152
16.784853515625	1.0781999444589	32.7299995422363
16.89549609375	1.08159997034818	32.8300018310547
16.997615234375	1.08479999471456	32.9300003051758
17.102439453125	1.08800001908094	33.0299987792969
17.188251953125	1.09159993007779	33.1300010681152
17.292728515625	1.09479995444417	33.2299995422363
17.39448046875	1.09819998033345	33.3300018310547
17.5207421875	1.10160000622272	33.4300003051758
17.63850390625	1.10459991265088	33.5299987792969
17.73365625	1.10839994158596	33.6300010681152
17.822015625	1.11139996442944	33.7299995422363
17.929921875	1.11499999184161	33.8300018310547
18.026572265625	1.11819989979267	33.9300003051758
18.143423828125	1.12140004057437	34.0299987792969
18.251177734375	1.12479995004833	34.1300010681152
18.351125	1.12820009235293	34.2299995422363
18.439865234375	1.13160000182688	34.3300018310547
18.558994140625	1.13460002467036	34.4300003051758
18.66478125	1.13820005208254	34.5299987792969
18.76525390625	1.1413999600336	34.6300010681152
18.86586328125	1.14479998592287	34.7299995422363
18.968158203125	1.14800001028925	34.8300018310547
19.060521484375	1.15139991976321	34.9300003051758
19.172349609375	1.15480006206781	35.0299987792969
19.265619140625	1.15819997154176	35.1300010681152
19.3824765625	1.16139999590814	35.2299995422363
19.46949609375	1.16480002179742	35.3300018310547
19.5687578125	1.1682000476867	35.4300003051758
19.66033984375	1.17139995563775	35.5299987792969
19.77368359375	1.17479998152703	35.6300010681152
19.860765625	1.17800000589341	35.7299995422363
19.986298828125	1.18159991689026	35.8300018310547
20.063966796875	1.18480005767196	35.9300003051758
20.17628515625	1.18799996562302	36.0299987792969
20.2763671875	1.19140010792762	36.1300010681152
20.38226953125	1.19480001740158	36.2299995422363
20.46671875	1.19799992535263	36.3300018310547
20.570931640625	1.20140006765723	36.4300003051758
20.669998046875	1.20479997713119	36.5299987792969
20.78996484375	1.20840000454336	36.6300010681152
20.862576171875	1.21159991249442	36.7299995422363
20.965609375	1.21480005327612	36.8300018310547
21.063951171875	1.2180000776425	36.9300003051758
21.159541015625	1.22139998711646	37.0299987792969
21.280978515625	1.22480001300573	37.1300010681152
21.3479453125	1.22819992247969	37.2299995422363
21.4672265625	1.23140006326139	37.3300018310547
21.54331640625	1.23479997273535	37.4300003051758
21.644205078125	1.23819999862462	37.5299987792969
21.771087890625	1.241400022991	37.6300010681152
21.84973828125	1.24479993246496	37.7299995422363
21.93987109375	1.24820007476956	37.8300018310547
22.03719140625	1.25139998272061	37.9300003051758
22.13508984375	1.25480000860989	38.0299987792969
22.226919921875	1.25800003297627	38.1300010681152
22.31927734375	1.26139994245023	38.2299995422363
22.39883984375	1.26460008323193	38.3300018310547
22.500173828125	1.26819999422878	38.4300003051758
22.582634765625	1.27140001859516	38.5299987792969
22.68075	1.27460004296154	38.6300010681152
22.793541015625	1.27820007037371	38.7299995422363
22.873109375	1.28159997984767	38.8300018310547
22.967798828125	1.28480000421405	38.9300003051758
23.063005859375	1.28820003010333	39.0299987792969
23.1668828125	1.29139993805438	39.1300010681152
23.238291015625	1.29459996242076	39.2299995422363
23.351810546875	1.29799998831004	39.3300018310547
23.432380859375	1.30139989778399	39.4300003051758
23.512736328125	1.30480004008859	39.5299987792969
23.600287109375	1.30799994803965	39.6300010681152
23.69575	1.31119997240603	39.7299995422363
23.777546875	1.31479999981821	39.8300018310547
23.867314453125	1.31799990776926	39.9300003051758
23.948849609375	1.32140005007386	40.0299987792969
24.051064453125	1.32479995954782	40.1300010681152
24.13066796875	1.3279999839142	40.2299995422363
24.22640234375	1.33140000980347	40.3300018310547
24.321435546875	1.33459991775453	40.4300003051758
24.393669921875	1.33819994516671	40.5299987792969
24.487357421875	1.34159997105598	40.6300010681152
24.5977265625	1.34479999542236	40.7299995422363
24.669544921875	1.34800001978874	40.8300018310547
24.753939453125	1.35140004567802	40.9300003051758
24.852091796875	1.35479995515198	41.0299987792969
24.926970703125	1.35800009593368	41.1300010681152
25.0250234375	1.36140000540763	41.2299995422363
25.098474609375	1.36459991335869	41.3300018310547
25.176044921875	1.36819994077086	41.4300003051758
25.2787265625	1.37139996513724	41.5299987792969
25.335611328125	1.37460010591894	41.6300010681152
25.434998046875	1.3782000169158	41.7299995422363
25.516984375	1.38140004128218	41.8300018310547
25.6019921875	1.38460006564856	41.9300003051758
25.691986328125	1.38799997512251	42.0299987792969
25.77200390625	1.39140000101179	42.1300010681152
25.834830078125	1.39460002537817	42.2299995422363
25.913970703125	1.39820005279034	42.3300018310547
26.001798828125	1.4013999607414	42.4300003051758
26.078486328125	1.40459998510778	42.5299987792969
26.163494140625	1.40820001251996	42.6300010681152
26.2293046875	1.41139992047101	42.7299995422363
26.30873046875	1.41460006125271	42.8300018310547
26.3847265625	1.41799997072667	42.9300003051758
26.484369140625	1.42139999661595	43.0299987792969
26.5573125	1.42460002098233	43.1300010681152
26.632037109375	1.4284000499174	43.2299995422363
26.699390625	1.43159995786846	43.3300018310547
26.79160546875	1.43479998223484	43.4300003051758
26.860240234375	1.43820000812411	43.5299987792969
26.94609375	1.44159991759807	43.6300010681152
27.023607421875	1.44459994044155	43.7299995422363
27.093908203125	1.44819996785372	43.8300018310547
27.17215625	1.4513999922201	43.9300003051758
27.249205078125	1.45460001658648	44.0299987792969
27.331529296875	1.45799992606044	44.1300010681152
27.39542578125	1.46159995347261	44.2299995422363
27.48136328125	1.46519998088479	44.3300018310547
27.5534140625	1.46820000372827	44.4300003051758
27.625939453125	1.47160002961755	44.5299987792969
27.697712890625	1.4747999375686	44.6300010681152
27.75613671875	1.47800007835031	44.7299995422363
27.870236328125	1.48139998782426	44.8300018310547
27.920087890625	1.48459989577532	44.9300003051758
27.999396484375	1.48819992318749	45.0299987792969
28.05716015625	1.49139994755387	45.1300010681152
28.1367265625	1.49479997344315	45.2299995422363
28.21021875	1.49799999780953	45.3300018310547
28.268328125	1.50140002369881	45.4300003051758
28.340583984375	1.50479993317276	45.5299987792969
28.418275390625	1.50820007547736	45.6300010681152
28.4928125	1.51139998342842	45.7299995422363
28.574978515625	1.5146000077948	45.8300018310547
28.6226484375	1.51820003520697	45.9300003051758
28.687125	1.52160006109625	46.0299987792969
28.756013671875	1.52479996904731	46.1300010681152
28.833787109375	1.52819999493659	46.2299995422363
28.892044921875	1.53120001778007	46.3300018310547
28.969052734375	1.53480004519224	46.4300003051758
29.026443359375	1.53820007108152	46.5299987792969
29.112375	1.54139997903258	46.6300010681152
29.16687109375	1.54500000644475	46.7299995422363
29.231427734375	1.54820003081113	46.8300018310547
29.31542578125	1.55139993876219	46.9300003051758
29.359205078125	1.55480008106679	47.0299987792969
29.430724609375	1.55819999054074	47.1300010681152
29.49459765625	1.56140001490712	47.2299995422363
29.561197265625	1.5648000407964	47.3300018310547
29.65623046875	1.56819995027035	47.4300003051758
29.697177734375	1.57140009105206	47.5299987792969
29.761513671875	1.57500000204891	47.6300010681152
29.83244140625	1.57799990847707	47.7299995422363
29.880384765625	1.58159993588924	47.8300018310547
29.944748046875	1.58479996025562	47.9300003051758
30.02340234375	1.58800010103732	48.0299987792969
30.08408203125	1.59140001051128	48.1300010681152
30.135931640625	1.59480003640056	48.2299995422363
30.209310546875	1.59800006076694	48.3300018310547
30.254818359375	1.60139997024089	48.4300003051758
30.325638671875	1.60479999613017	48.5299987792969
30.40195703125	1.60800002049655	48.6300010681152
30.432015625	1.61140004638582	48.7299995422363
30.51497265625	1.61499995738268	48.8300018310547
30.564375	1.61799998022616	48.9300003051758
30.63125	1.62160000763834	49.0299987792969
30.68571875	1.62479991558939	49.1300010681152
30.75275390625	1.62800005637109	49.2299995422363
30.803599609375	1.63159996736795	49.3300018310547
30.862068359375	1.63479999173433	49.4300003051758
30.922259765625	1.6382000176236	49.5299987792969
30.97669140625	1.64180004503578	49.6300010681152
31.03144140625	1.64479995146394	49.7299995422363
31.096416015625	1.64799997583032	49.8300018310547
31.134501953125	1.65160000324249	49.9300003051758
31.21396484375	1.65500002913177	50.0299987792969
31.250318359375	1.65820005349815	50.1300010681152
31.313248046875	1.66139996144921	50.2299995422363
31.354326171875	1.66480010375381	50.3300018310547
31.422060546875	1.66820001322776	50.4300003051758
31.4727890625	1.67160003911704	50.5299987792969
31.536072265625	1.67480006348342	50.6300010681152
31.5669921875	1.67819997295737	50.7299995422363
31.634056640625	1.68139999732375	50.8300018310547
31.6832421875	1.68480002321303	50.9300003051758
31.735228515625	1.68799993116409	51.0299987792969
31.79503125	1.69159995857626	51.1300010681152
31.84672265625	1.69500010088086	51.2299995422363
31.879361328125	1.69820000883192	51.3300018310547
31.948041015625	1.7014000331983	51.4300003051758
31.988220703125	1.70459994114935	51.5299987792969
32.048255859375	1.70819996856153	51.6300010681152
32.089259765625	1.71159999445081	51.7299995422363
32.127796875	1.71480001881719	51.8300018310547
32.180611328125	1.71800004318357	51.9300003051758
32.2484375	1.72160007059574	52.0299987792969
32.288703125	1.7247999785468	52.1300010681152
32.35196875	1.72800000291318	52.2299995422363
32.38869140625	1.73140002880245	52.3300018310547
32.437853515625	1.73479993827641	52.4300003051758
32.477181640625	1.73800007905811	52.5299987792969
32.540638671875	1.74139998853207	52.6300010681152
32.559640625	1.74480001442134	52.7299995422363
32.616376953125	1.74800003878772	52.8300018310547
32.665298828125	1.75139994826168	52.9300003051758
32.711962890625	1.75479997415096	53.0299987792969
32.7724296875	1.75799999851733	53.1300010681152
32.80929296875	1.76140002440661	53.2299995422363
32.85870703125	1.76479993388057	53.3300018310547
32.90111328125	1.76820007618517	53.4300003051758
32.941390625	1.77159998565912	53.5299987792969
32.9884765625	1.77479989361018	53.6300010681152
33.0085703125	1.77820003591478	53.7299995422363
33.06016796875	1.78139994386584	53.8300018310547
33.11371484375	1.78459996823221	53.9300003051758
33.1528046875	1.78819999564439	54.0299987792969
33.20229296875	1.79139990359545	54.1300010681152
33.23590234375	1.79460004437715	54.2299995422363
33.26559375	1.7979999538511	54.3300018310547
33.32815625	1.80159998126328	54.4300003051758
33.3583515625	1.80480000562966	54.5299987792969
33.40262890625	1.80799991358072	54.6300010681152
33.43273046875	1.81140005588531	54.7299995422363
33.483453125	1.81480008177459	54.8300018310547
33.52271875	1.81799998972565	54.9300003051758
33.55658984375	1.82160001713783	55.0299987792969
33.59930859375	1.8248000415042	55.1300010681152
33.633625	1.82819995097816	55.2299995422363
33.66820703125	1.83140009175986	55.3300018310547
33.7184296875	1.83459999971092	55.4300003051758
33.74340625	1.83820002712309	55.5299987792969
33.775875	1.84159993659705	55.6300010681152
33.8054921875	1.84479996096343	55.7299995422363
33.86110546875	1.84819998685271	55.8300018310547
33.89438671875	1.85140001121908	55.9300003051758
33.9293046875	1.85459991917014	56.0299987792969
33.96684765625	1.85819994658232	56.1300010681152
33.99258203125	1.86160008888692	56.2299995422363
34.03723828125	1.86479999683797	56.3300018310547
34.0791015625	1.86800002120435	56.4300003051758
34.11553125	1.87160004861653	56.5299987792969
34.1461640625	1.87479995656759	56.6300010681152
34.15665625	1.87820009887218	56.7299995422363
34.22047265625	1.88140000682324	56.8300018310547
34.22481640625	1.8847999162972	56.9300003051758
34.258046875	1.8882000586018	57.0299987792969
34.29710546875	1.89159996807575	57.1300010681152
34.32331640625	1.89479999244213	57.2299995422363
34.34704296875	1.89820001833141	57.3300018310547
34.377875	1.90160004422069	57.4300003051758
34.42216796875	1.90480006858706	57.5299987792969
34.4381796875	1.90840009599924	57.6300010681152
34.46251953125	1.9114000024274	57.7299995422363
34.49283984375	1.91480002831668	57.8300018310547
34.52762109375	1.91820005420595	57.9300003051758
34.53398828125	1.92139996215701	58.0299987792969
34.58396484375	1.92479998804629	58.1300010681152
34.6137109375	1.92800001241267	58.2299995422363
34.63563671875	1.93139992188662	58.3300018310547
34.670671875	1.93480006419122	58.4300003051758
34.68935546875	1.93819997366518	58.5299987792969
34.71877734375	1.94139999803156	58.6300010681152
34.7410078125	1.94480002392083	58.7299995422363
34.773296875	1.94799993187189	58.8300018310547
34.7944140625	1.95140007417649	58.9300003051758
34.81626171875	1.95479998365045	59.0299987792969
34.8414140625	1.95800000801682	59.1300010681152
34.86848046875	1.9614000339061	59.2299995422363
34.8985625	1.96480005979538	59.3300018310547
34.91911328125	1.96819985285401	59.4300003051758
34.93448828125	1.97160011157393	59.5299987792969
34.96433203125	1.97500013746321	59.6300010681152
34.96509375	1.97819992899895	59.7299995422363
35.01169921875	1.98159995488822	59.8300018310547
35.00315234375	1.9847999792546	59.9300003051758
35.04486328125	1.98840000666678	60.0299987792969
35.0687890625	1.99160003103316	60.1300010681152
35.06615625	1.99480005539954	60.2299995422363
35.10483984375	1.99820008128881	60.3300018310547
35.12400390625	2.00140010565519	60.4300003051758
35.14485546875	2.00480013154447	60.5299987792969
35.1664375	2.0081999246031	60.6300010681152
35.17814453125	2.01159995049238	60.7299995422363
35.20544921875	2.01479997485876	60.8300018310547
35.2235078125	2.01799999922514	60.9300003051758
35.233734375	2.02160002663732	61.0299987792969
35.24782421875	2.02480005100369	61.1300010681152
35.26321484375	2.02819984406233	61.2299995422363
35.28494921875	2.03160010278225	61.3300018310547
35.29408984375	2.03480012714863	61.4300003051758
35.30983203125	2.03800015151501	61.5299987792969
35.33350390625	2.04139994457364	61.6300010681152
35.3330703125	2.04479997046292	61.7299995422363
35.388703125	2.0481999963522	61.8300018310547
35.367328125	2.05140002071857	61.9300003051758
35.401640625	2.05480004660785	62.0299987792969
35.42046484375	2.05800007097423	62.1300010681152
35.42162109375	2.06139986403286	62.2299995422363
35.43272265625	2.06480012275279	62.3300018310547
35.4493359375	2.06820014864206	62.4300003051758
35.48056640625	2.0715999417007	62.5299987792969
35.47486328125	2.07479996606708	62.6300010681152
35.47630859375	2.07799999043345	62.7299995422363
35.4988203125	2.08180001936853	62.8300018310547
35.50201953125	2.08480004221201	62.9300003051758
35.5372890625	2.08820006810129	63.0299987792969
35.53032421875	2.09139985963702	63.1300010681152
35.55095703125	2.0947998855263	63.2299995422363
35.56225390625	2.09820014424622	63.3300018310547
35.54905859375	2.10159993730485	63.4300003051758
35.59451171875	2.10499996319413	63.5299987792969
35.58701953125	2.10819998756051	63.6300010681152
35.600609375	2.11139977909625	63.7299995422363
35.59021484375	2.11480003781617	63.8300018310547
35.61741015625	2.11800006218255	63.9300003051758
35.63290625	2.12159985676408	64.0299987792969
35.6289140625	2.12459987960756	64.129997253418
35.63109765625	2.12820013985038	64.2300033569336
35.644734375	2.13140016421676	64.3300018310547
35.64112890625	2.13479995727539	64.4300003051758
35.6576171875	2.13819998316467	64.5299987792969
35.6531640625	2.14160000905395	64.629997253418
35.67336328125	2.14459979906678	64.7300033569336
35.68959375	2.1480000577867	64.8300018310547
35.69123046875	2.15140008367598	64.9300003051758
35.685	2.15479987673461	65.0299987792969
35.695015625	2.15820013545454	65.129997253418
35.6986484375	2.16160016134381	65.2300033569336
35.7001640625	2.16499995440245	65.3300018310547
35.7033515625	2.16799997724593	65.4300003051758
35.71770703125	2.1716000046581	65.5299987792969
35.73111328125	2.17480002902448	65.629997253418
35.71976171875	2.17820005491376	65.7300033569336
35.72026953125	2.18160008080304	65.8300018310547
35.738125	2.18479987233877	65.9300003051758
35.7383359375	2.18799989670515	66.0299987792969
35.748828125	2.19160015694797	66.129997253418
35.74779296875	2.19479994848371	66.2300033569336
35.75803515625	2.19819997437298	66.3300018310547
35.74561328125	2.20139999873936	66.4300003051758
35.76692578125	2.204799791798	66.5299987792969
35.764828125	2.20820005051792	66.629997253418
35.75658203125	2.21160007640719	66.7300033569336
35.7543125	2.21479986794293	66.8300018310547
35.77058203125	2.21819989383221	66.9300003051758
35.76604296875	2.22139991819859	67.0299987792969
35.7610859375	2.22480017691851	67.129997253418
35.76508984375	2.22799996845424	67.2300033569336
35.75601953125	2.23159999586642	67.3300018310547
35.76637890625	2.2348000202328	67.4300003051758
35.76262109375	2.23820004612207	67.5299987792969
35.74793359375	2.24160007201135	67.629997253418
35.7733984375	2.24499986506999	67.7300033569336
35.77558203125	2.24819988943636	67.8300018310547
35.770921875	2.25159991532564	67.9300003051758
35.77078515625	2.25500017404556	68.0299987792969
35.7686171875	2.2581999655813	68.129997253418
35.76123828125	2.26159999147058	68.2300033569336
35.75170703125	2.26500001735985	68.3300018310547
35.75766015625	2.26819980889559	68.4300003051758
35.7631796875	2.27160006761551	68.5299987792969
35.76516015625	2.27480009198189	68.629997253418
35.76053125	2.27800011634827	68.7300033569336
35.76006640625	2.2815999109298	68.8300018310547
35.7526875	2.28480016812682	68.9300003051758
35.7583671875	2.2880001924932	69.0299987792969
35.74244140625	2.29159998707473	69.129997253418
35.76409765625	2.29480001144111	69.2300033569336
35.7359375	2.29800003580749	69.3300018310547
35.7523828125	2.30160006321967	69.4300003051758
35.732421875	2.30480008758605	69.5299987792969
35.751796875	2.30819988064468	69.629997253418
35.7381796875	2.31159990653396	69.7300033569336
35.7328515625	2.31479993090034	69.8300018310547
35.735671875	2.31820018962026	69.9300003051758
35.738328125	2.32179998420179	70.0299987792969
35.709359375	2.32480000704527	70.129997253418
35.72312890625	2.32820003293455	70.2300033569336
35.71386328125	2.33160005882382	70.3300018310547
35.71680859375	2.3348000831902	70.4300003051758
35.70630078125	2.33820010907948	70.5299987792969
35.70759765625	2.34159990213811	70.629997253418
35.7070703125	2.34499992802739	70.7300033569336
35.70840625	2.34820018522441	70.8300018310547
35.69748828125	2.35159997828305	70.9300003051758
35.68901171875	2.35480000264943	71.0299987792969
35.68637109375	2.3582000285387	71.129997253418
35.6861796875	2.36159982159734	71.2300033569336
35.677875	2.36480007879436	71.3300018310547
35.65928125	2.36820010468364	71.4300003051758
35.65749609375	2.37140012905002	71.5299987792969
35.64233984375	2.37499992363155	71.629997253418
35.6587421875	2.37840018235147	71.7300033569336
35.6561796875	2.38159997388721	71.8300018310547
35.64676171875	2.38499999977648	71.9300003051758
35.62875	2.38820002414286	72.0299987792969
35.63128515625	2.39140004850924	72.129997253418
35.61858203125	2.39500007592142	72.2300033569336
35.624734375	2.3982001002878	72.3300018310547
35.618265625	2.40159989334643	72.4300003051758
35.61148046875	2.40479991771281	72.5299987792969
35.59678515625	2.40819994360209	72.629997253418
35.57949609375	2.41160020232201	72.7300033569336
35.58806640625	2.41479999385774	72.8300018310547
35.57109375	2.41800001822412	72.9300003051758
35.57194140625	2.4216000456363	73.0299987792969
35.56757421875	2.42479983717203	73.129997253418
35.5739921875	2.42820009589195	73.2300033569336
35.5355625	2.43140012025833	73.3300018310547
35.5376796875	2.43479991331697	73.4300003051758
35.52862109375	2.43819993920624	73.5299987792969
35.5552421875	2.44160019792616	73.629997253418
35.53086328125	2.4447999894619	73.7300033569336
35.50121875	2.44820001535118	73.8300018310547
35.5028671875	2.45140003971756	73.9300003051758
35.50754296875	2.45479983277619	74.0299987792969
35.504703125	2.45820009149611	74.129997253418
35.492890625	2.46160011738539	74.2300033569336
35.47883203125	2.46479990892112	74.3300018310547
35.4811640625	2.4681999348104	74.4300003051758
35.46257421875	2.47139995917678	74.5299987792969
35.465328125	2.4748002178967	74.629997253418
35.44914453125	2.47820001095533	74.7300033569336
35.42771875	2.48140003532171	74.8300018310547
35.44131640625	2.48499982990324	74.9300003051758
35.433859375	2.48819985426962	75.0299987792969
35.4063046875	2.49140011146665	75.129997253418
35.401703125	2.49499990604818	75.2300033569336
35.3938984375	2.49819993041456	75.3300018310547
35.37187890625	2.50139995478094	75.4300003051758
35.3695390625	2.50479998067021	75.5299987792969
35.37124609375	2.50840000808239	75.629997253418
35.331296875	2.51140003092587	75.7300033569336
35.34228515625	2.51500005833805	75.8300018310547
35.33837109375	2.51819984987378	75.9300003051758
35.3211640625	2.52139987424016	76.0299987792969
35.30921484375	2.52480013296008	76.129997253418
35.29429296875	2.52819992601871	76.2300033569336
35.28255078125	2.53159995190799	76.3300018310547
35.2908515625	2.53499997779727	76.4300003051758
35.2691953125	2.53820000216365	76.5299987792969
35.25891796875	2.54160002805293	76.629997253418
35.24181640625	2.5450000539422	76.7300033569336
35.2654140625	2.54819984547794	76.8300018310547
35.24221484375	2.55159987136722	76.9300003051758
35.23931640625	2.55500013008714	77.0299987792969
35.19722265625	2.55819992162287	77.129997253418
35.2098359375	2.56139994598925	77.2300033569336
35.2004765625	2.56499997340143	77.3300018310547
35.20046875	2.56819999776781	77.4300003051758
35.1682734375	2.57160002365708	77.5299987792969
35.16628515625	2.57480004802346	77.629997253418
35.15103515625	2.57820007391274	77.7300033569336
35.13863671875	2.58159986697137	77.8300018310547
35.13525	2.58479989133775	77.9300003051758
35.1356328125	2.58820015005767	78.0299987792969
35.12199609375	2.59159994311631	78.129997253418
35.10697265625	2.59479996748269	78.2300033569336
35.0936015625	2.59819999337196	78.3300018310547
35.07421875	2.6013997849077	78.4300003051758
35.0740546875	2.60500004515052	78.5299987792969
35.0760546875	2.6082000695169	78.629997253418
35.0631328125	2.61159986257553	78.7300033569336
35.05297265625	2.61479988694191	78.8300018310547
35.0314765625	2.61820014566183	78.9300003051758
35.009109375	2.62159993872046	79.0299987792969
35.02475	2.62499996460974	79.129997253418
35.000640625	2.62819998897612	79.2300033569336
35.0062265625	2.6316000148654	79.3300018310547
34.9825625	2.63480003923178	79.4300003051758
34.9864296875	2.63820006512105	79.5299987792969
34.93930078125	2.64159985817969	79.629997253418
34.95490234375	2.64479988254607	79.7300033569336
34.9246484375	2.64820014126599	79.8300018310547
34.938953125	2.65140016563237	79.9300003051758
34.93719140625	2.6549999602139	80.0299987792969
34.9091796875	2.65839998610318	80.129997253418
34.91067578125	2.66160001046956	80.2300033569336
34.89693359375	2.66480003483593	80.3300018310547
34.8896015625	2.66820006072521	80.4300003051758
34.878828125	2.67160008661449	80.5299987792969
34.878625	2.67499987967312	80.629997253418
34.8549140625	2.6781999040395	80.7300033569336
34.8463359375	2.68160016275942	80.8300018310547
34.827484375	2.68479995429516	80.9300003051758
34.82893359375	2.68799997866154	81.0299987792969
34.83154296875	2.69180000759661	81.129997253418
34.8185546875	2.69479979760945	81.2300033569336
34.80625	2.69820005632937	81.3300018310547
34.7781328125	2.70160008221865	81.4300003051758
34.79912109375	2.70479987375438	81.5299987792969
34.77818359375	2.70799989812076	81.629997253418
34.758515625	2.71180015988648	81.7300033569336
34.7483828125	2.71479994989932	81.8300018310547
34.73819921875	2.71819997578859	81.9300003051758
34.72399609375	2.72160000167787	82.0299987792969
34.70790625	2.72480002604425	82.129997253418
34.70347265625	2.72799981757998	82.2300033569336
34.72146484375	2.7320000808686	82.3300018310547
34.699265625	2.73539987392724	82.4300003051758
34.69905078125	2.73860013112426	82.5299987792969
34.675609375	2.74219992570579	82.629997253418
34.68855078125	2.74539995007217	82.7300033569336
34.65976953125	2.74859997443855	82.8300018310547
34.651140625	2.75200000032783	82.9300003051758
34.65843359375	2.7554000262171	83.0299987792969
34.62288671875	2.75880005210638	83.129997253418
34.59835546875	2.76220007799566	83.2300033569336
34.58694140625	2.76539986953139	83.3300018310547
34.58801953125	2.76859989389777	83.4300003051758
34.58625	2.77200015261769	83.5299987792969
34.57155078125	2.77539994567633	83.629997253418
34.5533125	2.7787999715656	83.7300033569336
34.54768359375	2.78199999593198	83.8300018310547
34.53229296875	2.78540002182126	83.9300003051758
34.5269921875	2.78860004618764	84.0299987792969
34.5155	2.79200007207692	84.129997253418
34.4878046875	2.7952000964433	84.2300033569336
34.4830625	2.79879989102483	84.3300018310547
34.4920859375	2.80200014822185	84.4300003051758
34.4508984375	2.80520017258823	84.5299987792969
34.4501328125	2.80859996564686	84.629997253418
34.4357578125	2.81199999153614	84.7300033569336
34.426890625	2.81539978459477	84.8300018310547
34.41812109375	2.8188000433147	84.9300003051758
34.4201015625	2.82200006768107	85.0299987792969
34.3883515625	2.82540009357035	85.129997253418
34.39240625	2.82859988510609	85.2300033569336
34.3716875	2.83199991099536	85.3300018310547
34.361828125	2.83540016971529	85.4300003051758
34.35533984375	2.83859996125102	85.5299987792969
34.34333984375	2.8419999871403	85.629997253418
34.337546875	2.84540001302958	85.7300033569336
34.32056640625	2.84880003891885	85.8300018310547
34.308234375	2.85200006328523	85.9300003051758
34.29769921875	2.85520008765161	86.0299987792969
34.2900546875	2.85859988071024	86.129997253418
34.2903125	2.86199990659952	86.2300033569336
34.26316015625	2.86540016531944	86.3300018310547
34.247015625	2.86859995685518	86.4300003051758
34.25725390625	2.87179998122156	86.5299987792969
34.2465859375	2.87540000863373	86.629997253418
34.209390625	2.87859980016947	86.7300033569336
34.217609375	2.88200005888939	86.8300018310547
34.211	2.88520008325577	86.9300003051758
34.19482421875	2.8887998778373	87.0299987792969
34.17681640625	2.89219990372658	87.129997253418
34.1844765625	2.89519992657006	87.2300033569336
34.16498828125	2.89860018528998	87.3300018310547
34.160328125	2.90199997834861	87.4300003051758
34.13878515625	2.90540000423789	87.5299987792969
34.13305078125	2.90860002860427	87.629997253418
34.13467578125	2.91200005449355	87.7300033569336
34.12049609375	2.91540008038282	87.8300018310547
34.1096953125	2.9186001047492	87.9300003051758
34.09285546875	2.92199989780784	88.0299987792969
34.0863359375	2.92539992369711	88.129997253418
34.07102734375	2.92860018089414	88.2300033569336
34.06411328125	2.93199997395277	88.3300018310547
34.0502109375	2.93519999831915	88.4300003051758
34.0467109375	2.93860002420843	88.5299987792969
34.05652734375	2.94199981726706	88.629997253418
34.02058203125	2.94540007598698	88.7300033569336
34.01500390625	2.94880010187626	88.8300018310547
34.01235546875	2.95199989341199	88.9300003051758
34.011453125	2.95539991930127	89.0299987792969
33.99986328125	2.95859994366765	89.129997253418
33.978484375	2.96199996955693	89.2300033569336
33.9624375	2.96539999544621	89.3300018310547
33.95355078125	2.96880002133548	89.4300003051758
33.9678359375	2.97199981287122	89.5299987792969
33.93728125	2.9751998372376	89.629997253418
33.93255859375	2.97840009443462	89.7300033569336
33.93302734375	2.9820001218468	89.8300018310547
33.91412109375	2.98539991490543	89.9300003051758
33.89960546875	2.98859993927181	90.0299987792969
33.9043359375	2.99200019799173	90.129997253418
33.88578515625	2.99539999105036	90.2300033569336
33.88058203125	2.99860001541674	90.3300018310547
33.8859453125	3.00200004130602	90.4300003051758
33.87528515625	3.00539983436465	90.5299987792969
33.84726953125	3.00860009156168	90.629997253418
33.85174609375	3.01200011745095	90.7300033569336
33.84257421875	3.01519990898669	90.8300018310547
33.82462109375	3.01879993639886	90.9300003051758
33.79821875	3.02199996076524	91.0299987792969
33.80040625	3.02539998665452	91.129997253418
33.80107421875	3.0286000110209	91.2300033569336
33.79587109375	3.03200003691018	91.3300018310547
33.76703125	3.03539982996881	91.4300003051758
33.7585234375	3.03859985433519	91.5299987792969
33.7574609375	3.04180011153221	91.629997253418
33.74398046875	3.04539990611374	91.7300033569336
33.73601171875	3.04859993048012	91.8300018310547
33.723421875	3.0519999563694	91.9300003051758
33.71112890625	3.05520021356642	92.0299987792969
33.69565234375	3.05880000814795	92.129997253418
33.6880625	3.06200003251433	92.2300033569336
33.6901796875	3.06520005688071	92.3300018310547
33.6617734375	3.06880008429289	92.4300003051758
33.65808984375	3.07200010865927	92.5299987792969
33.6546171875	3.07540013454854	92.629997253418
33.64208984375	3.07879992760718	92.7300033569336
33.6216015625	3.08199995197356	92.8300018310547
33.62133203125	3.08519997633994	92.9300003051758
33.59219140625	3.08860000222921	93.0299987792969
33.60201171875	3.09240003116429	93.129997253418
33.57695703125	3.09540005400777	93.2300033569336
33.59051171875	3.0985998455435	93.3300018310547
33.56446484375	3.10200010426342	93.4300003051758
33.5685234375	3.1052001286298	93.5299987792969
33.55005078125	3.10859992168844	93.629997253418
33.53976953125	3.11199994757771	93.7300033569336
33.528140625	3.11539997346699	93.8300018310547
33.5286171875	3.11879999935627	93.9300003051758
33.52187109375	3.12200002372265	94.0299987792969
33.512890625	3.12540004961193	94.129997253418
33.4910546875	3.12879984267056	94.2300033569336
33.4744296875	3.13199986703694	94.3300018310547
33.46469921875	3.13540012575686	94.4300003051758
33.4666953125	3.13860015012324	94.5299987792969
33.45164453125	3.14199994318187	94.629997253418
33.43570703125	3.14539996907115	94.7300033569336
33.4178125	3.14859999343753	94.8300018310547
33.412765625	3.1522000208497	94.9300003051758
33.4195078125	3.15540004521608	95.0299987792969
33.409734375	3.15879983827472	95.129997253418
33.39044921875	3.1619998626411	95.2300033569336
33.369890625	3.16519988700747	95.3300018310547
33.37546484375	3.1686001457274	95.4300003051758
33.3687109375	3.17199993878603	95.5299987792969
33.36429296875	3.17539996467531	95.629997253418
33.339921875	3.17859998904169	95.7300033569336
33.3363203125	3.18200001493096	95.8300018310547
33.320171875	3.18540004082024	95.9300003051758
33.30046484375	3.18880006670952	96.0299987792969
33.2956015625	3.19199985824525	96.129997253418
33.3141640625	3.19539988413453	96.2300033569336
33.2838046875	3.19860014133155	96.3300018310547
33.27426171875	3.20199993439019	96.4300003051758
33.266671875	3.20539996027946	96.5299987792969
33.24580859375	3.20879998616874	96.629997253418
33.2581484375	3.21199977770448	96.7300033569336
33.24610546875	3.2154000364244	96.8300018310547
33.246734375	3.21880006231368	96.9300003051758
33.223078125	3.22180008515716	97.0299987792969
33.21407421875	3.22560011409223	97.129997253418
33.1853828125	3.22860013693571	97.2300033569336
33.17896875	3.23200016282499	97.3300018310547
33.1973515625	3.23539995588362	97.4300003051758
33.17255078125	3.2387999817729	97.5299987792969
33.15445703125	3.24180000461638	97.629997253418
33.1427109375	3.24540003202856	97.7300033569336
33.13859375	3.24880005791783	97.8300018310547
33.13350390625	3.25200008228421	97.9300003051758
33.1368125	3.25519987381995	98.0299987792969
33.12262109375	3.25839989818633	98.129997253418
33.1112421875	3.26220015995204	98.2300033569336
33.09330859375	3.26539995148778	98.3300018310547
33.09559375	3.26859997585416	98.4300003051758
33.088765625	3.27200000174344	98.5299987792969
33.07580078125	3.27540002763271	98.629997253418
33.080234375	3.27860005199909	98.7300033569336
33.05087109375	3.28200007788837	98.8300018310547
33.06531640625	3.285399870947	98.9300003051758
33.04143359375	3.28859989531338	99.0299987792969
33.02362890625	3.2920001540333	99.129997253418
33.00358203125	3.29539994709194	99.2300033569336
33.003953125	3.29879997298121	99.3300018310547
33.00011328125	3.30219999887049	99.4300003051758
32.9845234375	3.30539979040623	99.5299987792969
32.9660390625	3.30860004760325	99.629997253418
32.9818515625	3.31200007349253	99.7300033569336
32.958015625	3.31520009785891	99.8300018310547
32.96765234375	3.31859989091754	99.9300003051758
32.93369921875	3.32199991680682	100.029998779297
32.93256640625	3.32540017552674	100.129997253418
32.9328046875	3.32859996706247	100.230003356934
32.91793359375	3.33199999295175	100.330001831055
32.9026171875	3.33540001884103	100.430000305176
32.90810546875	3.33859981037676	100.529998779297
32.872390625	3.34200006909668	100.629997253418
32.87296875	3.34520009346306	100.730003356934
32.8651015625	3.3485998865217	100.830001831055
32.85703125	3.35199991241097	100.930000305176
32.85991015625	3.3554001711309	101.029998779297
32.851265625	3.35879996418953	101.129997253418
32.8259609375	3.36199998855591	101.230003356934
32.82630078125	3.36540001444519	101.330001831055
32.81883984375	3.36859980598092	101.430000305176
32.82394921875	3.37200006470084	101.529998779297
32.792234375	3.37540009059012	101.629997253418
32.7835234375	3.37879988364875	101.730003356934
32.78049609375	3.38199990801513	101.830001831055
32.7755859375	3.38519993238151	101.930000305176
32.760296875	3.38860019110143	102.029998779297
32.767828125	3.39219998568296	102.129997253418
32.743107421875	3.39540001004934	102.230003356934
32.7473046875	3.39879980310798	102.330001831055
32.729712890625	3.402000060305	102.430000305176
32.72738671875	3.40540008619428	102.529998779297
32.708521484375	3.40860011056066	102.629997253418
32.691322265625	3.41199990361929	102.730003356934
32.685900390625	3.41519992798567	102.830001831055
32.683142578125	3.41860018670559	102.930000305176
32.684978515625	3.42199997976422	103.029998779297
32.68401953125	3.4254000056535	103.129997253418
32.64646484375	3.42880003154278	103.230003356934
32.643896484375	3.43220005743206	103.330001831055
32.631890625	3.43540008179843	103.430000305176
32.62576171875	3.43860010616481	103.529998779297
32.625228515625	3.44219990074635	103.629997253418
32.58601171875	3.44519992358983	103.730003356934
32.5946640625	3.4485999494791	103.830001831055
32.5861015625	3.45199997536838	103.930000305176
32.58329296875	3.45540000125766	104.029998779297
32.584880859375	3.45860002562404	104.129997253418
32.57547265625	3.46180004999042	104.230003356934
32.55258984375	3.46540007740259	104.330001831055
32.54230078125	3.46860010176897	104.430000305176
32.5269453125	3.4719998948276	104.529998779297
32.523892578125	3.47539992071688	104.629997253418
32.53644140625	3.47859994508326	104.730003356934
32.511419921875	3.48200020380318	104.830001831055
32.513275390625	3.48539999686182	104.930000305176
32.497068359375	3.48880002275109	105.029998779297
32.49736328125	3.49200004711747	105.129997253418
32.478546875	3.49539984017611	105.230003356934
32.468134765625	3.49860009737313	105.330001831055
32.450087890625	3.50200012326241	105.430000305176
32.4535859375	3.50539991632104	105.529998779297
32.434787109375	3.50859994068742	105.629997253418
32.447498046875	3.51200019940734	105.730003356934
32.432712890625	3.51539999246597	105.830001831055
32.43230859375	3.51880001835525	105.930000305176
32.416380859375	3.52220004424453	106.029998779297
32.399962890625	3.52539983578026	106.129997253418
32.393455078125	3.52860009297729	106.230003356934
32.401375	3.53200011886656	106.330001831055
32.38285546875	3.5353999119252	106.430000305176
32.3720703125	3.53859993629158	106.529998779297
32.375779296875	3.54199996218085	106.629997253418
32.344830078125	3.54539998807013	106.730003356934
32.358736328125	3.54880001395941	106.830001831055
32.34692578125	3.55180003680289	106.930000305176
32.349638671875	3.55539983138442	107.029998779297
32.32340234375	3.5585998557508	107.129997253418
32.30641796875	3.56200011447072	107.230003356934
32.30325390625	3.56539990752935	107.330001831055
32.297109375	3.56859993189573	107.430000305176
32.287240234375	3.57199995778501	107.529998779297
32.29503125	3.57540021650493	107.629997253418
32.27285546875	3.57860000804067	107.730003356934
32.274541015625	3.58220003545284	107.830001831055
32.25816796875	3.58540005981922	107.930000305176
32.25415234375	3.58859985135496	108.029998779297
32.2407890625	3.59200011007488	108.129997253418
32.222123046875	3.59520013444126	108.230003356934
32.213767578125	3.59879992902279	108.330001831055
32.212052734375	3.60219995491207	108.430000305176
32.21674609375	3.60539997927845	108.529998779297
32.211658203125	3.60880000516772	108.629997253418
32.194041015625	3.6120000295341	108.730003356934
32.191390625	3.61540005542338	108.830001831055
32.184240234375	3.61879984848201	108.930000305176
32.182375	3.62199987284839	109.029998779297
32.168771484375	3.62540013156831	109.129997253418
32.1615234375	3.62859992310405	109.230003356934
32.151091796875	3.63199994899333	109.330001831055
32.146119140625	3.6351999733597	109.430000305176
32.150154296875	3.63880000077188	109.529998779297
32.120287109375	3.64200002513826	109.629997253418
32.12725390625	3.64520004950464	109.730003356934
32.11061328125	3.64860007539392	109.830001831055
32.10254296875	3.65219986997545	109.930000305176
32.1142578125	3.65540012717247	110.029998779297
32.092134765625	3.65860015153885	110.129997253418
32.095900390625	3.66199994459748	110.230003356934
32.073115234375	3.66519996896386	110.330001831055
32.074322265625	3.66880022920668	110.430000305176
32.069685546875	3.67200002074242	110.529998779297
32.073119140625	3.67540004663169	110.629997253418
32.060125	3.67880007252097	110.730003356934
32.052326171875	3.68199986405671	110.830001831055
32.048388671875	3.68519988842309	110.930000305176
32.055666015625	3.68860014714301	111.029998779297
32.02858203125	3.69219994172454	111.129997253418
32.032078125	3.69539996609092	111.230003356934
32.014564453125	3.6985999904573	111.330001831055
32.03083984375	3.70200001634657	111.430000305176
32.01102734375	3.70520004071295	111.529998779297
31.97962109375	3.70880006812513	111.629997253418
32.0004140625	3.71219986118376	111.730003356934
31.983802734375	3.71519988402724	111.830001831055
31.976462890625	3.71860014274716	111.930000305176
31.975962890625	3.72180016711354	112.029998779297
31.9614765625	3.72539996169508	112.129997253418
31.9548046875	3.72879998758435	112.230003356934
31.963890625	3.73220001347363	112.330001831055
31.9472890625	3.73540003784001	112.430000305176
31.948939453125	3.73860006220639	112.529998779297
31.9401640625	3.74200008809566	112.629997253418
31.9364921875	3.7455998826772	112.730003356934
31.9279609375	3.74880013987422	112.830001831055
31.90568359375	3.7520001642406	112.930000305176
31.913279296875	3.75519995577633	113.029998779297
31.900455078125	3.75879998318851	113.129997253418
31.89245703125	3.76220000907779	113.230003356934
31.880015625	3.76519979909062	113.330001831055
31.889021484375	3.76860005781054	113.430000305176
31.874435546875	3.77200008369982	113.529998779297
31.874509765625	3.77519987523556	113.629997253418
31.880388671875	3.77839989960194	113.730003356934
31.8661171875	3.78200015984476	113.830001831055
31.86635546875	3.78539995290339	113.930000305176
31.8473203125	3.78859997726977	114.029998779297
31.851283203125	3.79200000315905	114.129997253418
31.84232421875	3.79539979621768	114.230003356934
31.83816796875	3.7988000549376	114.330001831055
31.82322265625	3.80200007930398	114.430000305176
31.81228125	3.80539987236261	114.529998779297
31.81408203125	3.80879989825189	114.629997253418
31.793888671875	3.81199992261827	114.730003356934
31.8191328125	3.81539994850755	114.830001831055
31.79110546875	3.81879997439682	114.930000305176
31.783740234375	3.8219999987632	115.029998779297
31.789421875	3.82540002465248	115.129997253418
31.775408203125	3.82859981618822	115.230003356934
31.767873046875	3.83200007490814	115.330001831055
31.77303515625	3.83520009927452	115.430000305176
31.761703125	3.83879989385605	115.529998779297
31.762373046875	3.84199991822243	115.629997253418
31.75583984375	3.84540017694235	115.730003356934
31.75167578125	3.84859996847808	115.830001831055
31.739626953125	3.85179999284446	115.930000305176
31.7247890625	3.85540002025664	116.029998779297
31.734654296875	3.85859981179237	116.129997253418
31.730162109375	3.86200007051229	116.230003356934
31.733158203125	3.86540009640157	116.330001831055
31.703041015625	3.86859988793731	116.430000305176
31.712263671875	3.87179991230369	116.529998779297
31.7215078125	3.87519993819296	116.629997253418
31.6975859375	3.87879996560514	116.730003356934
31.703970703125	3.88199998997152	116.830001831055
31.700123046875	3.8854000158608	116.930000305176
31.68890234375	3.88860004022717	117.029998779297
31.671375	3.89179983176291	117.129997253418
31.672814453125	3.89540009200573	117.230003356934
31.668392578125	3.89860011637211	117.330001831055
31.647951171875	3.90199990943074	117.430000305176
31.656158203125	3.90539993532002	117.529998779297
31.6598203125	3.9087999612093	117.629997253418
31.64039453125	3.91179975122213	117.730003356934
31.631642578125	3.9154002442956	117.830001831055
31.637115234375	3.91880003735423	117.930000305176
31.6229453125	3.92200006172061	118.029998779297
31.620228515625	3.92539985477924	118.129997253418
31.615640625	3.92859987914562	118.230003356934
31.627625	3.93200013786554	118.330001831055
31.6048828125	3.93539993092418	118.430000305176
31.6233984375	3.9388001896441	118.529998779297
31.626552734375	3.94199974834919	118.629997253418
31.60296875	3.94540000706911	118.730003356934
31.6080234375	3.94860003143549	118.830001831055
31.593572265625	3.95199982449412	118.930000305176
31.58299609375	3.95540008321404	119.029998779297
31.597203125	3.95860010758042	119.129997253418
31.587234375	3.96199990063906	119.230003356934
31.58395703125	3.96559992805123	119.330001831055
31.5634375	3.96860018372536	119.430000305176
31.56469921875	3.97219974547625	119.529998779297
31.574158203125	3.97539976984262	119.629997253418
31.561255859375	3.978599794209	119.730003356934
31.571544921875	3.98219982162118	119.830001831055
31.554146484375	3.98539984598756	119.930000305176
31.555451171875	3.98859987035394	120.029998779297
31.559640625	3.99219989776611	120.129997253418
31.549845703125	3.99539992213249	120.230003356934
31.55522265625	3.99859994649887	120.330001831055
31.567541015625	4.00179997086525	120.430000305176
31.533259765625	4.00539999827743	120.529998779297
31.550201171875	4.00880025699735	120.629997253418
31.538265625	4.01200028136373	120.730003356934
31.551955078125	4.01540007442236	120.830001831055
31.56005859375	4.01879986748099	120.930000305176
31.543474609375	4.02199989184737	121.029998779297
31.53031640625	4.02540015056729	121.129997253418
31.514228515625	4.02860017493367	121.230003356934
31.528173828125	4.03199996799231	121.330001831055
31.52474609375	4.03519999235868	121.430000305176
31.53748828125	4.03859978541732	121.529998779297
31.5280546875	4.04200004413724	121.629997253418
31.5263984375	4.04540030285716	121.730003356934
31.51530078125	4.04880009591579	121.830001831055
31.5245390625	4.05200012028217	121.930000305176
31.52016796875	4.05539991334081	122.029998779297
31.5163203125	4.05859993770719	122.129997253418
31.49507421875	4.06199973076582	122.230003356934
31.512669921875	4.06539998948574	122.330001831055
31.517744140625	4.06879978254437	122.430000305176
31.535318359375	4.07199980691075	122.529998779297
31.5118046875	4.07520029693842	122.629997253418
31.499060546875	4.07860008999705	122.730003356934
31.52638671875	4.08199988305569	122.830001831055
31.517419921875	4.08540014177561	122.930000305176
31.5135	4.08860016614199	123.029998779297
31.514275390625	4.09199995920062	123.129997253418
31.5041171875	4.095199983567	123.230003356934
31.502416015625	4.09859977662563	123.330001831055
31.50078515625	4.10200003534555	123.430000305176
31.511810546875	4.10540029406548	123.529998779297
31.492904296875	4.10880008712411	123.629997253418
31.487888671875	4.11180034279823	123.730003356934
31.492203125	4.11539990454912	123.830001831055
31.50210546875	4.1185999289155	123.930000305176
31.500046875	4.12200018763542	124.029998779297
31.499603515625	4.12539998069406	124.129997253418
31.503109375	4.12860000506043	124.230003356934
31.5164296875	4.13199979811907	124.330001831055
31.52047265625	4.1353995911777	124.430000305176
31.5176953125	4.13880031555891	124.529998779297
31.515984375	4.14200033992529	124.629997253418
31.489859375	4.14519989863038	124.730003356934
31.507541015625	4.1486001573503	124.830001831055
31.505771484375	4.15199995040894	124.930000305176
31.50019140625	4.15539974346757	125.029998779297
31.5000625	4.15880000218749	125.129997253418
31.51215625	4.16179979220033	125.230003356934
31.501517578125	4.1653998196125	125.330001831055
31.51412890625	4.16860030964017	125.430000305176
31.51228515625	4.17220033705235	125.529998779297
31.49514453125	4.17539989575744	125.629997253418
31.503224609375	4.17880015447736	125.730003356934
31.49795703125	4.18200017884374	125.830001831055
31.499517578125	4.18520020321012	125.930000305176
31.501173828125	4.18859999626875	126.029998779297
31.5094765625	4.19180002063513	126.129997253418
31.512552734375	4.1954000480473	126.230003356934
31.511935546875	4.1985996067524	126.330001831055
31.4987109375	4.2020003311336	126.430000305176
31.50810546875	4.20520035549998	126.529998779297
31.496076171875	4.20860014855862	126.629997253418
31.50970703125	4.21199994161725	126.730003356934
31.5209921875	4.21519996598363	126.830001831055
31.52233203125	4.21879999339581	126.930000305176
31.506369140625	4.22200001776218	127.029998779297
31.5047578125	4.22539981082082	127.129997253418
31.519341796875	4.2285998351872	127.230003356934
31.51048828125	4.23200009390712	127.330001831055
31.517396484375	4.23540035262704	127.430000305176
31.5135	4.23859991133213	127.529998779297
31.522458984375	4.24200017005205	127.629997253418
31.52831640625	4.24560019746423	127.730003356934
31.496994140625	4.24879975616932	127.830001831055
31.499244140625	4.25220001488924	127.930000305176
31.51084375	4.25540003925562	128.029998779297
31.510728515625	4.258600063622	128.130004882813
31.514275390625	4.26179962232709	128.229995727539
31.517123046875	4.26540011540055	128.330001831055
31.514580078125	4.26879990845919	128.429992675781
31.52119140625	4.27199993282557	128.529998779297
31.524765625	4.27540019154549	128.630004882813
31.521361328125	4.27860021591187	128.729995727539
31.5231328125	4.2820000089705	128.830001831055
31.528119140625	4.28520003333688	128.929992675781
31.523259765625	4.28879959508777	129.029998779297
31.531150390625	4.29220031946898	129.130004882813
31.53507421875	4.29540034383535	129.229995727539
31.54276953125	4.29860036820173	129.330001831055
31.531294921875	4.30200016126037	129.429992675781
31.52284765625	4.30520018562675	129.529998779297
31.54659375	4.30880021303892	129.630004882813
31.54595703125	4.31199977174401	129.729995727539
31.53391796875	4.31519979611039	129.830001831055
31.54380859375	4.31879982352257	129.929992675781
31.54754296875	4.32199984788895	130.029998779297
31.547234375	4.32519987225533	130.130004882813
31.55987109375	4.32860013097525	130.229995727539
31.552037109375	4.33199992403388	130.330001831055
31.551755859375	4.33519994840026	130.429992675781
31.541751953125	4.33879997581244	130.529998779297
31.550982421875	4.34200000017881	130.630004882813
31.5586171875	4.34539979323745	130.729995727539
31.546326171875	4.34880005195737	130.830001831055
31.56866796875	4.35200007632375	130.929992675781
31.578587890625	4.35519963502884	131.029998779297
31.580017578125	4.3588001281023	131.130004882813
31.566087890625	4.36200015246868	131.229995727539
31.577603515625	4.36539994552732	131.330001831055
31.55778125	4.36880020424724	131.429992675781
31.582056640625	4.37200022861362	131.529998779297
31.5886953125	4.37519978731871	131.630004882813
31.587826171875	4.37860004603863	131.729995727539
31.59220703125	4.38199983909726	131.830001831055
31.59143359375	4.3853996321559	131.929992675781
31.603806640625	4.38859965652227	132.029998779297
31.602767578125	4.39200038090348	132.130004882813
31.607626953125	4.39519993960857	132.229995727539
31.592544921875	4.3986001983285	132.330001831055
31.60626953125	4.40220022574067	132.429992675781
31.619625	4.40539978444576	132.529998779297
31.6194140625	4.40859980881214	132.630004882813
31.620607421875	4.41239960491657	132.729995727539
31.633697265625	4.41520009189844	132.830001831055
31.623314453125	4.41839965060353	132.929992675781
31.634296875	4.422000143677	133.029998779297
31.62869140625	4.42539993673563	133.130004882813
31.641134765625	4.42859996110201	133.229995727539
31.637322265625	4.43200021982193	133.330001831055
31.648015625	4.43540001288056	133.429992675781
31.65674609375	4.4387998059392	133.529998779297
31.65032421875	4.44199983030558	133.630004882813
31.65351953125	4.4454000890255	133.729995727539
31.660318359375	4.44859964773059	133.830001831055
31.666716796875	4.4520003721118	133.929992675781
31.679826171875	4.45520039647818	134.029998779297
31.68828125	4.45879995822906	134.130004882813
31.68682421875	4.46199998259544	134.229995727539
31.687068359375	4.46520000696182	134.330001831055
31.694048828125	4.46859980002046	134.429992675781
31.68983203125	4.47200005874038	134.529998779297
31.71638671875	4.47559962049127	134.630004882813
31.711037109375	4.47879964485765	134.729995727539
31.714787109375	4.48199966922402	134.830001831055
31.712939453125	4.48520015925169	134.929992675781
31.7277421875	4.48880018666387	135.029998779297
31.728611328125	4.4921999797225	135.130004882813
31.72476953125	4.49540000408888	135.229995727539
31.721453125	4.49879979714751	135.330001831055
31.729732421875	4.50199982151389	135.429992675781
31.739345703125	4.50540008023381	135.529998779297
31.7611796875	4.50860010460019	135.630004882813
31.75332421875	4.51199989765882	135.729995727539
31.75944921875	4.51540015637875	135.830001831055
31.7723203125	4.51860018074512	135.929992675781
31.76943359375	4.52199997380376	136.029998779297
31.7661015625	4.52519999817014	136.130004882813
31.76946875	4.52860025689006	136.229995727539
31.770939453125	4.53200004994869	136.330001831055
31.788005859375	4.53539984300733	136.429992675781
31.792501953125	4.5385998673737	136.529998779297
31.798755859375	4.54179989174008	136.630004882813
31.783171875	4.54539991915226	136.729995727539
31.799998046875	4.54860040917993	136.830001831055
31.807365234375	4.55200020223856	136.929992675781
31.803404296875	4.55539999529719	137.029998779297
31.823283203125	4.55860001966357	137.130004882813
31.8315078125	4.56199981272221	137.229995727539
31.82790625	4.56519983708858	137.330001831055
31.82491796875	4.56860009580851	137.429992675781
31.82623046875	4.57219965755939	137.529998779297
31.839875	4.57539968192577	137.630004882813
31.835376953125	4.57859970629215	137.729995727539
31.855818359375	4.58220019936562	137.830001831055
31.8419296875	4.58519998937845	137.929992675781
31.849703125	4.58880001679063	138.029998779297
31.84942578125	4.59200004115701	138.130004882813
31.884447265625	4.59520006552339	138.229995727539
31.8888125	4.59859985858202	138.330001831055
31.87119140625	4.60200011730194	138.429992675781
31.87529296875	4.60519967600703	138.529998779297
31.894373046875	4.60859993472695	138.630004882813
31.898232421875	4.61200019344687	138.729995727539
31.883197265625	4.61520021781325	138.830001831055
31.9136328125	4.61880024522543	138.929992675781
31.9100859375	4.62200026959181	139.029998779297
31.91232421875	4.62540006265044	139.130004882813
31.937525390625	4.62879985570908	139.229995727539
31.9328125	4.63199988007545	139.330001831055
31.923736328125	4.63539967313409	139.429992675781
31.947861328125	4.63859969750047	139.529998779297
31.973466796875	4.64200042188168	139.630004882813
31.9607578125	4.64519998058677	139.729995727539
31.96216015625	4.64880000799894	139.830001831055
31.977640625	4.65200003236532	139.929992675781
31.977763671875	4.6552000567317	140.029998779297
31.979998046875	4.65880008414388	140.130004882813
31.98881640625	4.66179987415671	140.229995727539
31.9808671875	4.66539990156889	140.330001831055
32.003533203125	4.66859992593527	140.429992675781
31.988884765625	4.6719997189939	140.529998779297
32.0089765625	4.67520020902157	140.630004882813
32.025775390625	4.6786000020802	140.729995727539
32.027326171875	4.68200026080012	140.830001831055
32.02935546875	4.68540005385876	140.929992675781
32.05185546875	4.68860007822514	141.029998779297
32.035638671875	4.69180010259151	141.130004882813
32.061701171875	4.69540013000369	141.229995727539
32.044162109375	4.69879992306232	141.330001831055
32.05942578125	4.7019999474287	141.429992675781
32.074595703125	4.70519997179508	141.529998779297
32.07916015625	4.708600230515	141.630004882813
32.07694140625	4.71200002357364	141.729995727539
32.1013359375	4.71520004794002	141.830001831055
32.090900390625	4.71859984099865	141.929992675781
32.099416015625	4.72200009971857	142.029998779297
32.110916015625	4.7253998927772	142.130004882813
32.103111328125	4.72879968583584	142.229995727539
32.117564453125	4.73199971020222	142.330001831055
32.111779296875	4.7351997345686	142.429992675781
32.131962890625	4.73859999328852	142.529998779297
32.1330234375	4.74200025200844	142.630004882813
32.15104296875	4.74520027637482	142.729995727539
32.136125	4.74860006943345	142.830001831055
32.1508828125	4.75199986249208	142.929992675781
32.1698125	4.75540012121201	143.029998779297
32.162107421875	4.75860014557838	143.130004882813
32.16804296875	4.76199993863702	143.229995727539
32.175916015625	4.76539973169565	143.330001831055
32.18297265625	4.76859975606203	143.429992675781
32.17173828125	4.77200001478195	143.529998779297
32.196703125	4.77540027350187	143.630004882813
32.194619140625	4.77860029786825	143.729995727539
32.2001953125	4.78200009092689	143.830001831055
32.190111328125	4.78520011529326	143.929992675781
32.212078125	4.7889999113977	144.029998779297
32.212826171875	4.79199970141053	144.130004882813
32.21984375	4.79539996013045	144.229995727539
32.222416015625	4.79859998449683	144.330001831055
32.23044921875	4.80179954320192	144.429992675781
32.24412890625	4.80540003627539	144.529998779297
32.234140625	4.80860006064177	144.630004882813
32.2489453125	4.8119998537004	144.729995727539
32.263978515625	4.81540011242032	144.830001831055
32.2635078125	4.81879990547895	144.929992675781
32.2537578125	4.82199992984533	145.029998779297
32.28512109375	4.82519995421171	145.130004882813
32.272603515625	4.82879998162389	145.229995727539
32.2761015625	4.83200000599027	145.330001831055
32.287880859375	4.83540026471019	145.429992675781
32.278548828125	4.83860028907657	145.529998779297
32.306310546875	4.84180031344295	145.630004882813
32.301787109375	4.84520010650158	145.729995727539
32.30676953125	4.84880013391376	145.830001831055
32.33341015625	4.85219992697239	145.929992675781
32.332728515625	4.85539995133877	146.029998779297
32.322201171875	4.85859997570515	146.130004882813
32.335720703125	4.86180000007153	146.229995727539
32.33925	4.86520025879145	146.330001831055
32.337958984375	4.86860005185008	146.429992675781
32.348615234375	4.87200031057	146.529998779297
32.370927734375	4.87519986927509	146.630004882813
32.365587890625	4.87860012799501	146.729995727539
32.37290234375	4.88199992105365	146.830001831055
